493590 -224359 -179487 112179 112179 -179487 -123397 -11217.9 168269 33653.8 -168269 -33653.8 84134.6 16826.9 -84134.6 -16826.9 168269 33653.8 16826.9 84134.6 -33653.8 -168269 -84134.6 -16826.9 
-224359 493590 112179 -179487 -179487 112179 -11217.9 -123397 -33653.8 -168269 33653.8 168269 -16826.9 -84134.6 16826.9 84134.6 -33653.8 -168269 -84134.6 -16826.9 168269 33653.8 16826.9 84134.6 
-179487 112179 493590 -224359 -123397 -11217.9 112179 -179487 -168269 -33653.8 168269 33653.8 -84134.6 -16826.9 84134.6 16826.9 -16826.9 -84134.6 -168269 -33653.8 84134.6 16826.9 33653.8 168269 
112179 -179487 -224359 493590 -11217.9 -123397 -179487 112179 33653.8 168269 -33653.8 -168269 16826.9 84134.6 -16826.9 -84134.6 84134.6 16826.9 33653.8 168269 -16826.9 -84134.6 -168269 -33653.8 
112179 -179487 -123397 -11217.9 493590 -224359 -179487 112179 84134.6 16826.9 -84134.6 -16826.9 168269 33653.8 -168269 -33653.8 33653.8 168269 84134.6 16826.9 -168269 -33653.8 -16826.9 -84134.6 
-179487 112179 -11217.9 -123397 -224359 493590 112179 -179487 -16826.9 -84134.6 16826.9 84134.6 -33653.8 -168269 33653.8 168269 -168269 -33653.8 -16826.9 -84134.6 33653.8 168269 84134.6 16826.9 
-123397 -11217.9 112179 -179487 -179487 112179 493590 -224359 -84134.6 -16826.9 84134.6 16826.9 -168269 -33653.8 168269 33653.8 -84134.6 -16826.9 -33653.8 -168269 16826.9 84134.6 168269 33653.8 
-11217.9 -123397 -179487 112179 112179 -179487 -224359 493590 16826.9 84134.6 -16826.9 -84134.6 33653.8 168269 -33653.8 -168269 16826.9 84134.6 168269 33653.8 -84134.6 -16826.9 -33653.8 -168269 
168269 -33653.8 -168269 33653.8 84134.6 -16826.9 -84134.6 16826.9 493590 112179 -179487 -224359 112179 -11217.9 -123397 -179487 168269 84134.6 16826.9 33653.8 -33653.8 -16826.9 -84134.6 -168269 
33653.8 -168269 -33653.8 168269 16826.9 -84134.6 -16826.9 84134.6 112179 493590 -224359 -179487 -11217.9 112179 -179487 -123397 84134.6 168269 33653.8 16826.9 -16826.9 -33653.8 -168269 -84134.6 
-168269 33653.8 168269 -33653.8 -84134.6 16826.9 84134.6 -16826.9 -179487 -224359 493590 112179 -123397 -179487 112179 -11217.9 -16826.9 -33653.8 -168269 -84134.6 84134.6 168269 33653.8 16826.9 
-33653.8 168269 33653.8 -168269 -16826.9 84134.6 16826.9 -84134.6 -224359 -179487 112179 493590 -179487 -123397 -11217.9 112179 -33653.8 -16826.9 -84134.6 -168269 168269 84134.6 16826.9 33653.8 
84134.6 -16826.9 -84134.6 16826.9 168269 -33653.8 -168269 33653.8 112179 -11217.9 -123397 -179487 493590 112179 -179487 -224359 33653.8 16826.9 84134.6 168269 -168269 -84134.6 -16826.9 -33653.8 
16826.9 -84134.6 -16826.9 84134.6 33653.8 -168269 -33653.8 168269 -11217.9 112179 -179487 -123397 112179 493590 -224359 -179487 16826.9 33653.8 168269 84134.6 -84134.6 -168269 -33653.8 -16826.9 
-84134.6 16826.9 84134.6 -16826.9 -168269 33653.8 168269 -33653.8 -123397 -179487 112179 -11217.9 -179487 -224359 493590 112179 -84134.6 -168269 -33653.8 -16826.9 16826.9 33653.8 168269 84134.6 
-16826.9 84134.6 16826.9 -84134.6 -33653.8 168269 33653.8 -168269 -179487 -123397 -11217.9 112179 -224359 -179487 112179 493590 -168269 -84134.6 -16826.9 -33653.8 33653.8 16826.9 84134.6 168269 
168269 -33653.8 -16826.9 84134.6 33653.8 -168269 -84134.6 16826.9 168269 84134.6 -16826.9 -33653.8 33653.8 16826.9 -84134.6 -168269 493590 112179 -11217.9 112179 -224359 -179487 -123397 -179487 
33653.8 -168269 -84134.6 16826.9 168269 -33653.8 -16826.9 84134.6 84134.6 168269 -33653.8 -16826.9 16826.9 33653.8 -168269 -84134.6 112179 493590 112179 -11217.9 -179487 -224359 -179487 -123397 
16826.9 -84134.6 -168269 33653.8 84134.6 -16826.9 -33653.8 168269 16826.9 33653.8 -168269 -84134.6 84134.6 168269 -33653.8 -16826.9 -11217.9 112179 493590 112179 -123397 -179487 -224359 -179487 
84134.6 -16826.9 -33653.8 168269 16826.9 -84134.6 -168269 33653.8 33653.8 16826.9 -84134.6 -168269 168269 84134.6 -16826.9 -33653.8 112179 -11217.9 112179 493590 -179487 -123397 -179487 -224359 
-33653.8 168269 84134.6 -16826.9 -168269 33653.8 16826.9 -84134.6 -33653.8 -16826.9 84134.6 168269 -168269 -84134.6 16826.9 33653.8 -224359 -179487 -123397 -179487 493590 112179 -11217.9 112179 
-168269 33653.8 16826.9 -84134.6 -33653.8 168269 84134.6 -16826.9 -16826.9 -33653.8 168269 84134.6 -84134.6 -168269 33653.8 16826.9 -179487 -224359 -179487 -123397 112179 493590 112179 -11217.9 
-84134.6 16826.9 33653.8 -168269 -16826.9 84134.6 168269 -33653.8 -84134.6 -168269 33653.8 16826.9 -16826.9 -33653.8 168269 84134.6 -123397 -179487 -224359 -179487 -11217.9 112179 493590 112179 
-16826.9 84134.6 168269 -33653.8 -84134.6 16826.9 33653.8 -168269 -168269 -84134.6 16826.9 33653.8 -33653.8 -16826.9 84134.6 168269 -179487 -123397 -179487 -224359 112179 -11217.9 112179 493590 

493590 -224359 -179487 112179 112179 -179487 -123397 -11217.9 168269 33653.8 -168269 -33653.8 84134.6 16826.9 -84134.6 -16826.9 168269 33653.8 16826.9 84134.6 -33653.8 -168269 -84134.6 -16826.9 
-224359 493590 112179 -179487 -179487 112179 -11217.9 -123397 -33653.8 -168269 33653.8 168269 -16826.9 -84134.6 16826.9 84134.6 -33653.8 -168269 -84134.6 -16826.9 168269 33653.8 16826.9 84134.6 
-179487 112179 493590 -224359 -123397 -11217.9 112179 -179487 -168269 -33653.8 168269 33653.8 -84134.6 -16826.9 84134.6 16826.9 -16826.9 -84134.6 -168269 -33653.8 84134.6 16826.9 33653.8 168269 
112179 -179487 -224359 493590 -11217.9 -123397 -179487 112179 33653.8 168269 -33653.8 -168269 16826.9 84134.6 -16826.9 -84134.6 84134.6 16826.9 33653.8 168269 -16826.9 -84134.6 -168269 -33653.8 
112179 -179487 -123397 -11217.9 493590 -224359 -179487 112179 84134.6 16826.9 -84134.6 -16826.9 168269 33653.8 -168269 -33653.8 33653.8 168269 84134.6 16826.9 -168269 -33653.8 -16826.9 -84134.6 
-179487 112179 -11217.9 -123397 -224359 493590 112179 -179487 -16826.9 -84134.6 16826.9 84134.6 -33653.8 -168269 33653.8 168269 -168269 -33653.8 -16826.9 -84134.6 33653.8 168269 84134.6 16826.9 
-123397 -11217.9 112179 -179487 -179487 112179 493590 -224359 -84134.6 -16826.9 84134.6 16826.9 -168269 -33653.8 168269 33653.8 -84134.6 -16826.9 -33653.8 -168269 16826.9 84134.6 168269 33653.8 
-11217.9 -123397 -179487 112179 112179 -179487 -224359 493590 16826.9 84134.6 -16826.9 -84134.6 33653.8 168269 -33653.8 -168269 16826.9 84134.6 168269 33653.8 -84134.6 -16826.9 -33653.8 -168269 
168269 -33653.8 -168269 33653.8 84134.6 -16826.9 -84134.6 16826.9 493590 112179 -179487 -224359 112179 -11217.9 -123397 -179487 168269 84134.6 16826.9 33653.8 -33653.8 -16826.9 -84134.6 -168269 
33653.8 -168269 -33653.8 168269 16826.9 -84134.6 -16826.9 84134.6 112179 493590 -224359 -179487 -11217.9 112179 -179487 -123397 84134.6 168269 33653.8 16826.9 -16826.9 -33653.8 -168269 -84134.6 
-168269 33653.8 168269 -33653.8 -84134.6 16826.9 84134.6 -16826.9 -179487 -224359 493590 112179 -123397 -179487 112179 -11217.9 -16826.9 -33653.8 -168269 -84134.6 84134.6 168269 33653.8 16826.9 
-33653.8 168269 33653.8 -168269 -16826.9 84134.6 16826.9 -84134.6 -224359 -179487 112179 493590 -179487 -123397 -11217.9 112179 -33653.8 -16826.9 -84134.6 -168269 168269 84134.6 16826.9 33653.8 
84134.6 -16826.9 -84134.6 16826.9 168269 -33653.8 -168269 33653.8 112179 -11217.9 -123397 -179487 493590 112179 -179487 -224359 33653.8 16826.9 84134.6 168269 -168269 -84134.6 -16826.9 -33653.8 
16826.9 -84134.6 -16826.9 84134.6 33653.8 -168269 -33653.8 168269 -11217.9 112179 -179487 -123397 112179 493590 -224359 -179487 16826.9 33653.8 168269 84134.6 -84134.6 -168269 -33653.8 -16826.9 
-84134.6 16826.9 84134.6 -16826.9 -168269 33653.8 168269 -33653.8 -123397 -179487 112179 -11217.9 -179487 -224359 493590 112179 -84134.6 -168269 -33653.8 -16826.9 16826.9 33653.8 168269 84134.6 
-16826.9 84134.6 16826.9 -84134.6 -33653.8 168269 33653.8 -168269 -179487 -123397 -11217.9 112179 -224359 -179487 112179 493590 -168269 -84134.6 -16826.9 -33653.8 33653.8 16826.9 84134.6 168269 
168269 -33653.8 -16826.9 84134.6 33653.8 -168269 -84134.6 16826.9 168269 84134.6 -16826.9 -33653.8 33653.8 16826.9 -84134.6 -168269 493590 112179 -11217.9 112179 -224359 -179487 -123397 -179487 
33653.8 -168269 -84134.6 16826.9 168269 -33653.8 -16826.9 84134.6 84134.6 168269 -33653.8 -16826.9 16826.9 33653.8 -168269 -84134.6 112179 493590 112179 -11217.9 -179487 -224359 -179487 -123397 
16826.9 -84134.6 -168269 33653.8 84134.6 -16826.9 -33653.8 168269 16826.9 33653.8 -168269 -84134.6 84134.6 168269 -33653.8 -16826.9 -11217.9 112179 493590 112179 -123397 -179487 -224359 -179487 
84134.6 -16826.9 -33653.8 168269 16826.9 -84134.6 -168269 33653.8 33653.8 16826.9 -84134.6 -168269 168269 84134.6 -16826.9 -33653.8 112179 -11217.9 112179 493590 -179487 -123397 -179487 -224359 
-33653.8 168269 84134.6 -16826.9 -168269 33653.8 16826.9 -84134.6 -33653.8 -16826.9 84134.6 168269 -168269 -84134.6 16826.9 33653.8 -224359 -179487 -123397 -179487 493590 112179 -11217.9 112179 
-168269 33653.8 16826.9 -84134.6 -33653.8 168269 84134.6 -16826.9 -16826.9 -33653.8 168269 84134.6 -84134.6 -168269 33653.8 16826.9 -179487 -224359 -179487 -123397 112179 493590 112179 -11217.9 
-84134.6 16826.9 33653.8 -168269 -16826.9 84134.6 168269 -33653.8 -84134.6 -168269 33653.8 16826.9 -16826.9 -33653.8 168269 84134.6 -123397 -179487 -224359 -179487 -11217.9 112179 493590 112179 
-16826.9 84134.6 168269 -33653.8 -84134.6 16826.9 33653.8 -168269 -168269 -84134.6 16826.9 33653.8 -33653.8 -16826.9 84134.6 168269 -179487 -123397 -179487 -224359 112179 -11217.9 112179 493590 

493590 -224359 -179487 112179 112179 -179487 -123397 -11217.9 168269 33653.8 -168269 -33653.8 84134.6 16826.9 -84134.6 -16826.9 168269 33653.8 16826.9 84134.6 -33653.8 -168269 -84134.6 -16826.9 
-224359 493590 112179 -179487 -179487 112179 -11217.9 -123397 -33653.8 -168269 33653.8 168269 -16826.9 -84134.6 16826.9 84134.6 -33653.8 -168269 -84134.6 -16826.9 168269 33653.8 16826.9 84134.6 
-179487 112179 493590 -224359 -123397 -11217.9 112179 -179487 -168269 -33653.8 168269 33653.8 -84134.6 -16826.9 84134.6 16826.9 -16826.9 -84134.6 -168269 -33653.8 84134.6 16826.9 33653.8 168269 
112179 -179487 -224359 493590 -11217.9 -123397 -179487 112179 33653.8 168269 -33653.8 -168269 16826.9 84134.6 -16826.9 -84134.6 84134.6 16826.9 33653.8 168269 -16826.9 -84134.6 -168269 -33653.8 
112179 -179487 -123397 -11217.9 493590 -224359 -179487 112179 84134.6 16826.9 -84134.6 -16826.9 168269 33653.8 -168269 -33653.8 33653.8 168269 84134.6 16826.9 -168269 -33653.8 -16826.9 -84134.6 
-179487 112179 -11217.9 -123397 -224359 493590 112179 -179487 -16826.9 -84134.6 16826.9 84134.6 -33653.8 -168269 33653.8 168269 -168269 -33653.8 -16826.9 -84134.6 33653.8 168269 84134.6 16826.9 
-123397 -11217.9 112179 -179487 -179487 112179 493590 -224359 -84134.6 -16826.9 84134.6 16826.9 -168269 -33653.8 168269 33653.8 -84134.6 -16826.9 -33653.8 -168269 16826.9 84134.6 168269 33653.8 
-11217.9 -123397 -179487 112179 112179 -179487 -224359 493590 16826.9 84134.6 -16826.9 -84134.6 33653.8 168269 -33653.8 -168269 16826.9 84134.6 168269 33653.8 -84134.6 -16826.9 -33653.8 -168269 
168269 -33653.8 -168269 33653.8 84134.6 -16826.9 -84134.6 16826.9 493590 112179 -179487 -224359 112179 -11217.9 -123397 -179487 168269 84134.6 16826.9 33653.8 -33653.8 -16826.9 -84134.6 -168269 
33653.8 -168269 -33653.8 168269 16826.9 -84134.6 -16826.9 84134.6 112179 493590 -224359 -179487 -11217.9 112179 -179487 -123397 84134.6 168269 33653.8 16826.9 -16826.9 -33653.8 -168269 -84134.6 
-168269 33653.8 168269 -33653.8 -84134.6 16826.9 84134.6 -16826.9 -179487 -224359 493590 112179 -123397 -179487 112179 -11217.9 -16826.9 -33653.8 -168269 -84134.6 84134.6 168269 33653.8 16826.9 
-33653.8 168269 33653.8 -168269 -16826.9 84134.6 16826.9 -84134.6 -224359 -179487 112179 493590 -179487 -123397 -11217.9 112179 -33653.8 -16826.9 -84134.6 -168269 168269 84134.6 16826.9 33653.8 
84134.6 -16826.9 -84134.6 16826.9 168269 -33653.8 -168269 33653.8 112179 -11217.9 -123397 -179487 493590 112179 -179487 -224359 33653.8 16826.9 84134.6 168269 -168269 -84134.6 -16826.9 -33653.8 
16826.9 -84134.6 -16826.9 84134.6 33653.8 -168269 -33653.8 168269 -11217.9 112179 -179487 -123397 112179 493590 -224359 -179487 16826.9 33653.8 168269 84134.6 -84134.6 -168269 -33653.8 -16826.9 
-84134.6 16826.9 84134.6 -16826.9 -168269 33653.8 168269 -33653.8 -123397 -179487 112179 -11217.9 -179487 -224359 493590 112179 -84134.6 -168269 -33653.8 -16826.9 16826.9 33653.8 168269 84134.6 
-16826.9 84134.6 16826.9 -84134.6 -33653.8 168269 33653.8 -168269 -179487 -123397 -11217.9 112179 -224359 -179487 112179 493590 -168269 -84134.6 -16826.9 -33653.8 33653.8 16826.9 84134.6 168269 
168269 -33653.8 -16826.9 84134.6 33653.8 -168269 -84134.6 16826.9 168269 84134.6 -16826.9 -33653.8 33653.8 16826.9 -84134.6 -168269 493590 112179 -11217.9 112179 -224359 -179487 -123397 -179487 
33653.8 -168269 -84134.6 16826.9 168269 -33653.8 -16826.9 84134.6 84134.6 168269 -33653.8 -16826.9 16826.9 33653.8 -168269 -84134.6 112179 493590 112179 -11217.9 -179487 -224359 -179487 -123397 
16826.9 -84134.6 -168269 33653.8 84134.6 -16826.9 -33653.8 168269 16826.9 33653.8 -168269 -84134.6 84134.6 168269 -33653.8 -16826.9 -11217.9 112179 493590 112179 -123397 -179487 -224359 -179487 
84134.6 -16826.9 -33653.8 168269 16826.9 -84134.6 -168269 33653.8 33653.8 16826.9 -84134.6 -168269 168269 84134.6 -16826.9 -33653.8 112179 -11217.9 112179 493590 -179487 -123397 -179487 -224359 
-33653.8 168269 84134.6 -16826.9 -168269 33653.8 16826.9 -84134.6 -33653.8 -16826.9 84134.6 168269 -168269 -84134.6 16826.9 33653.8 -224359 -179487 -123397 -179487 493590 112179 -11217.9 112179 
-168269 33653.8 16826.9 -84134.6 -33653.8 168269 84134.6 -16826.9 -16826.9 -33653.8 168269 84134.6 -84134.6 -168269 33653.8 16826.9 -179487 -224359 -179487 -123397 112179 493590 112179 -11217.9 
-84134.6 16826.9 33653.8 -168269 -16826.9 84134.6 168269 -33653.8 -84134.6 -168269 33653.8 16826.9 -16826.9 -33653.8 168269 84134.6 -123397 -179487 -224359 -179487 -11217.9 112179 493590 112179 
-16826.9 84134.6 168269 -33653.8 -84134.6 16826.9 33653.8 -168269 -168269 -84134.6 16826.9 33653.8 -33653.8 -16826.9 84134.6 168269 -179487 -123397 -179487 -224359 112179 -11217.9 112179 493590 

493590 -224359 -179487 112179 112179 -179487 -123397 -11217.9 168269 33653.8 -168269 -33653.8 84134.6 16826.9 -84134.6 -16826.9 168269 33653.8 16826.9 84134.6 -33653.8 -168269 -84134.6 -16826.9 
-224359 493590 112179 -179487 -179487 112179 -11217.9 -123397 -33653.8 -168269 33653.8 168269 -16826.9 -84134.6 16826.9 84134.6 -33653.8 -168269 -84134.6 -16826.9 168269 33653.8 16826.9 84134.6 
-179487 112179 493590 -224359 -123397 -11217.9 112179 -179487 -168269 -33653.8 168269 33653.8 -84134.6 -16826.9 84134.6 16826.9 -16826.9 -84134.6 -168269 -33653.8 84134.6 16826.9 33653.8 168269 
112179 -179487 -224359 493590 -11217.9 -123397 -179487 112179 33653.8 168269 -33653.8 -168269 16826.9 84134.6 -16826.9 -84134.6 84134.6 16826.9 33653.8 168269 -16826.9 -84134.6 -168269 -33653.8 
112179 -179487 -123397 -11217.9 493590 -224359 -179487 112179 84134.6 16826.9 -84134.6 -16826.9 168269 33653.8 -168269 -33653.8 33653.8 168269 84134.6 16826.9 -168269 -33653.8 -16826.9 -84134.6 
-179487 112179 -11217.9 -123397 -224359 493590 112179 -179487 -16826.9 -84134.6 16826.9 84134.6 -33653.8 -168269 33653.8 168269 -168269 -33653.8 -16826.9 -84134.6 33653.8 168269 84134.6 16826.9 
-123397 -11217.9 112179 -179487 -179487 112179 493590 -224359 -84134.6 -16826.9 84134.6 16826.9 -168269 -33653.8 168269 33653.8 -84134.6 -16826.9 -33653.8 -168269 16826.9 84134.6 168269 33653.8 
-11217.9 -123397 -179487 112179 112179 -179487 -224359 493590 16826.9 84134.6 -16826.9 -84134.6 33653.8 168269 -33653.8 -168269 16826.9 84134.6 168269 33653.8 -84134.6 -16826.9 -33653.8 -168269 
168269 -33653.8 -168269 33653.8 84134.6 -16826.9 -84134.6 16826.9 493590 112179 -179487 -224359 112179 -11217.9 -123397 -179487 168269 84134.6 16826.9 33653.8 -33653.8 -16826.9 -84134.6 -168269 
33653.8 -168269 -33653.8 168269 16826.9 -84134.6 -16826.9 84134.6 112179 493590 -224359 -179487 -11217.9 112179 -179487 -123397 84134.6 168269 33653.8 16826.9 -16826.9 -33653.8 -168269 -84134.6 
-168269 33653.8 168269 -33653.8 -84134.6 16826.9 84134.6 -16826.9 -179487 -224359 493590 112179 -123397 -179487 112179 -11217.9 -16826.9 -33653.8 -168269 -84134.6 84134.6 168269 33653.8 16826.9 
-33653.8 168269 33653.8 -168269 -16826.9 84134.6 16826.9 -84134.6 -224359 -179487 112179 493590 -179487 -123397 -11217.9 112179 -33653.8 -16826.9 -84134.6 -168269 168269 84134.6 16826.9 33653.8 
84134.6 -16826.9 -84134.6 16826.9 168269 -33653.8 -168269 33653.8 112179 -11217.9 -123397 -179487 493590 112179 -179487 -224359 33653.8 16826.9 84134.6 168269 -168269 -84134.6 -16826.9 -33653.8 
16826.9 -84134.6 -16826.9 84134.6 33653.8 -168269 -33653.8 168269 -11217.9 112179 -179487 -123397 112179 493590 -224359 -179487 16826.9 33653.8 168269 84134.6 -84134.6 -168269 -33653.8 -16826.9 
-84134.6 16826.9 84134.6 -16826.9 -168269 33653.8 168269 -33653.8 -123397 -179487 112179 -11217.9 -179487 -224359 493590 112179 -84134.6 -168269 -33653.8 -16826.9 16826.9 33653.8 168269 84134.6 
-16826.9 84134.6 16826.9 -84134.6 -33653.8 168269 33653.8 -168269 -179487 -123397 -11217.9 112179 -224359 -179487 112179 493590 -168269 -84134.6 -16826.9 -33653.8 33653.8 16826.9 84134.6 168269 
168269 -33653.8 -16826.9 84134.6 33653.8 -168269 -84134.6 16826.9 168269 84134.6 -16826.9 -33653.8 33653.8 16826.9 -84134.6 -168269 493590 112179 -11217.9 112179 -224359 -179487 -123397 -179487 
33653.8 -168269 -84134.6 16826.9 168269 -33653.8 -16826.9 84134.6 84134.6 168269 -33653.8 -16826.9 16826.9 33653.8 -168269 -84134.6 112179 493590 112179 -11217.9 -179487 -224359 -179487 -123397 
16826.9 -84134.6 -168269 33653.8 84134.6 -16826.9 -33653.8 168269 16826.9 33653.8 -168269 -84134.6 84134.6 168269 -33653.8 -16826.9 -11217.9 112179 493590 112179 -123397 -179487 -224359 -179487 
84134.6 -16826.9 -33653.8 168269 16826.9 -84134.6 -168269 33653.8 33653.8 16826.9 -84134.6 -168269 168269 84134.6 -16826.9 -33653.8 112179 -11217.9 112179 493590 -179487 -123397 -179487 -224359 
-33653.8 168269 84134.6 -16826.9 -168269 33653.8 16826.9 -84134.6 -33653.8 -16826.9 84134.6 168269 -168269 -84134.6 16826.9 33653.8 -224359 -179487 -123397 -179487 493590 112179 -11217.9 112179 
-168269 33653.8 16826.9 -84134.6 -33653.8 168269 84134.6 -16826.9 -16826.9 -33653.8 168269 84134.6 -84134.6 -168269 33653.8 16826.9 -179487 -224359 -179487 -123397 112179 493590 112179 -11217.9 
-84134.6 16826.9 33653.8 -168269 -16826.9 84134.6 168269 -33653.8 -84134.6 -168269 33653.8 16826.9 -16826.9 -33653.8 168269 84134.6 -123397 -179487 -224359 -179487 -11217.9 112179 493590 112179 
-16826.9 84134.6 168269 -33653.8 -84134.6 16826.9 33653.8 -168269 -168269 -84134.6 16826.9 33653.8 -33653.8 -16826.9 84134.6 168269 -179487 -123397 -179487 -224359 112179 -11217.9 112179 493590 

493590 -224359 -179487 112179 112179 -179487 -123397 -11217.9 168269 33653.8 -168269 -33653.8 84134.6 16826.9 -84134.6 -16826.9 168269 33653.8 16826.9 84134.6 -33653.8 -168269 -84134.6 -16826.9 
-224359 493590 112179 -179487 -179487 112179 -11217.9 -123397 -33653.8 -168269 33653.8 168269 -16826.9 -84134.6 16826.9 84134.6 -33653.8 -168269 -84134.6 -16826.9 168269 33653.8 16826.9 84134.6 
-179487 112179 493590 -224359 -123397 -11217.9 112179 -179487 -168269 -33653.8 168269 33653.8 -84134.6 -16826.9 84134.6 16826.9 -16826.9 -84134.6 -168269 -33653.8 84134.6 16826.9 33653.8 168269 
112179 -179487 -224359 493590 -11217.9 -123397 -179487 112179 33653.8 168269 -33653.8 -168269 16826.9 84134.6 -16826.9 -84134.6 84134.6 16826.9 33653.8 168269 -16826.9 -84134.6 -168269 -33653.8 
112179 -179487 -123397 -11217.9 493590 -224359 -179487 112179 84134.6 16826.9 -84134.6 -16826.9 168269 33653.8 -168269 -33653.8 33653.8 168269 84134.6 16826.9 -168269 -33653.8 -16826.9 -84134.6 
-179487 112179 -11217.9 -123397 -224359 493590 112179 -179487 -16826.9 -84134.6 16826.9 84134.6 -33653.8 -168269 33653.8 168269 -168269 -33653.8 -16826.9 -84134.6 33653.8 168269 84134.6 16826.9 
-123397 -11217.9 112179 -179487 -179487 112179 493590 -224359 -84134.6 -16826.9 84134.6 16826.9 -168269 -33653.8 168269 33653.8 -84134.6 -16826.9 -33653.8 -168269 16826.9 84134.6 168269 33653.8 
-11217.9 -123397 -179487 112179 112179 -179487 -224359 493590 16826.9 84134.6 -16826.9 -84134.6 33653.8 168269 -33653.8 -168269 16826.9 84134.6 168269 33653.8 -84134.6 -16826.9 -33653.8 -168269 
168269 -33653.8 -168269 33653.8 84134.6 -16826.9 -84134.6 16826.9 493590 112179 -179487 -224359 112179 -11217.9 -123397 -179487 168269 84134.6 16826.9 33653.8 -33653.8 -16826.9 -84134.6 -168269 
33653.8 -168269 -33653.8 168269 16826.9 -84134.6 -16826.9 84134.6 112179 493590 -224359 -179487 -11217.9 112179 -179487 -123397 84134.6 168269 33653.8 16826.9 -16826.9 -33653.8 -168269 -84134.6 
-168269 33653.8 168269 -33653.8 -84134.6 16826.9 84134.6 -16826.9 -179487 -224359 493590 112179 -123397 -179487 112179 -11217.9 -16826.9 -33653.8 -168269 -84134.6 84134.6 168269 33653.8 16826.9 
-33653.8 168269 33653.8 -168269 -16826.9 84134.6 16826.9 -84134.6 -224359 -179487 112179 493590 -179487 -123397 -11217.9 112179 -33653.8 -16826.9 -84134.6 -168269 168269 84134.6 16826.9 33653.8 
84134.6 -16826.9 -84134.6 16826.9 168269 -33653.8 -168269 33653.8 112179 -11217.9 -123397 -179487 493590 112179 -179487 -224359 33653.8 16826.9 84134.6 168269 -168269 -84134.6 -16826.9 -33653.8 
16826.9 -84134.6 -16826.9 84134.6 33653.8 -168269 -33653.8 168269 -11217.9 112179 -179487 -123397 112179 493590 -224359 -179487 16826.9 33653.8 168269 84134.6 -84134.6 -168269 -33653.8 -16826.9 
-84134.6 16826.9 84134.6 -16826.9 -168269 33653.8 168269 -33653.8 -123397 -179487 112179 -11217.9 -179487 -224359 493590 112179 -84134.6 -168269 -33653.8 -16826.9 16826.9 33653.8 168269 84134.6 
-16826.9 84134.6 16826.9 -84134.6 -33653.8 168269 33653.8 -168269 -179487 -123397 -11217.9 112179 -224359 -179487 112179 493590 -168269 -84134.6 -16826.9 -33653.8 33653.8 16826.9 84134.6 168269 
168269 -33653.8 -16826.9 84134.6 33653.8 -168269 -84134.6 16826.9 168269 84134.6 -16826.9 -33653.8 33653.8 16826.9 -84134.6 -168269 493590 112179 -11217.9 112179 -224359 -179487 -123397 -179487 
33653.8 -168269 -84134.6 16826.9 168269 -33653.8 -16826.9 84134.6 84134.6 168269 -33653.8 -16826.9 16826.9 33653.8 -168269 -84134.6 112179 493590 112179 -11217.9 -179487 -224359 -179487 -123397 
16826.9 -84134.6 -168269 33653.8 84134.6 -16826.9 -33653.8 168269 16826.9 33653.8 -168269 -84134.6 84134.6 168269 -33653.8 -16826.9 -11217.9 112179 493590 112179 -123397 -179487 -224359 -179487 
84134.6 -16826.9 -33653.8 168269 16826.9 -84134.6 -168269 33653.8 33653.8 16826.9 -84134.6 -168269 168269 84134.6 -16826.9 -33653.8 112179 -11217.9 112179 493590 -179487 -123397 -179487 -224359 
-33653.8 168269 84134.6 -16826.9 -168269 33653.8 16826.9 -84134.6 -33653.8 -16826.9 84134.6 168269 -168269 -84134.6 16826.9 33653.8 -224359 -179487 -123397 -179487 493590 112179 -11217.9 112179 
-168269 33653.8 16826.9 -84134.6 -33653.8 168269 84134.6 -16826.9 -16826.9 -33653.8 168269 84134.6 -84134.6 -168269 33653.8 16826.9 -179487 -224359 -179487 -123397 112179 493590 112179 -11217.9 
-84134.6 16826.9 33653.8 -168269 -16826.9 84134.6 168269 -33653.8 -84134.6 -168269 33653.8 16826.9 -16826.9 -33653.8 168269 84134.6 -123397 -179487 -224359 -179487 -11217.9 112179 493590 112179 
-16826.9 84134.6 168269 -33653.8 -84134.6 16826.9 33653.8 -168269 -168269 -84134.6 16826.9 33653.8 -33653.8 -16826.9 84134.6 168269 -179487 -123397 -179487 -224359 112179 -11217.9 112179 493590 

493590 -224359 -179487 112179 112179 -179487 -123397 -11217.9 168269 33653.8 -168269 -33653.8 84134.6 16826.9 -84134.6 -16826.9 168269 33653.8 16826.9 84134.6 -33653.8 -168269 -84134.6 -16826.9 
-224359 493590 112179 -179487 -179487 112179 -11217.9 -123397 -33653.8 -168269 33653.8 168269 -16826.9 -84134.6 16826.9 84134.6 -33653.8 -168269 -84134.6 -16826.9 168269 33653.8 16826.9 84134.6 
-179487 112179 493590 -224359 -123397 -11217.9 112179 -179487 -168269 -33653.8 168269 33653.8 -84134.6 -16826.9 84134.6 16826.9 -16826.9 -84134.6 -168269 -33653.8 84134.6 16826.9 33653.8 168269 
112179 -179487 -224359 493590 -11217.9 -123397 -179487 112179 33653.8 168269 -33653.8 -168269 16826.9 84134.6 -16826.9 -84134.6 84134.6 16826.9 33653.8 168269 -16826.9 -84134.6 -168269 -33653.8 
112179 -179487 -123397 -11217.9 493590 -224359 -179487 112179 84134.6 16826.9 -84134.6 -16826.9 168269 33653.8 -168269 -33653.8 33653.8 168269 84134.6 16826.9 -168269 -33653.8 -16826.9 -84134.6 
-179487 112179 -11217.9 -123397 -224359 493590 112179 -179487 -16826.9 -84134.6 16826.9 84134.6 -33653.8 -168269 33653.8 168269 -168269 -33653.8 -16826.9 -84134.6 33653.8 168269 84134.6 16826.9 
-123397 -11217.9 112179 -179487 -179487 112179 493590 -224359 -84134.6 -16826.9 84134.6 16826.9 -168269 -33653.8 168269 33653.8 -84134.6 -16826.9 -33653.8 -168269 16826.9 84134.6 168269 33653.8 
-11217.9 -123397 -179487 112179 112179 -179487 -224359 493590 16826.9 84134.6 -16826.9 -84134.6 33653.8 168269 -33653.8 -168269 16826.9 84134.6 168269 33653.8 -84134.6 -16826.9 -33653.8 -168269 
168269 -33653.8 -168269 33653.8 84134.6 -16826.9 -84134.6 16826.9 493590 112179 -179487 -224359 112179 -11217.9 -123397 -179487 168269 84134.6 16826.9 33653.8 -33653.8 -16826.9 -84134.6 -168269 
33653.8 -168269 -33653.8 168269 16826.9 -84134.6 -16826.9 84134.6 112179 493590 -224359 -179487 -11217.9 112179 -179487 -123397 84134.6 168269 33653.8 16826.9 -16826.9 -33653.8 -168269 -84134.6 
-168269 33653.8 168269 -33653.8 -84134.6 16826.9 84134.6 -16826.9 -179487 -224359 493590 112179 -123397 -179487 112179 -11217.9 -16826.9 -33653.8 -168269 -84134.6 84134.6 168269 33653.8 16826.9 
-33653.8 168269 33653.8 -168269 -16826.9 84134.6 16826.9 -84134.6 -224359 -179487 112179 493590 -179487 -123397 -11217.9 112179 -33653.8 -16826.9 -84134.6 -168269 168269 84134.6 16826.9 33653.8 
84134.6 -16826.9 -84134.6 16826.9 168269 -33653.8 -168269 33653.8 112179 -11217.9 -123397 -179487 493590 112179 -179487 -224359 33653.8 16826.9 84134.6 168269 -168269 -84134.6 -16826.9 -33653.8 
16826.9 -84134.6 -16826.9 84134.6 33653.8 -168269 -33653.8 168269 -11217.9 112179 -179487 -123397 112179 493590 -224359 -179487 16826.9 33653.8 168269 84134.6 -84134.6 -168269 -33653.8 -16826.9 
-84134.6 16826.9 84134.6 -16826.9 -168269 33653.8 168269 -33653.8 -123397 -179487 112179 -11217.9 -179487 -224359 493590 112179 -84134.6 -168269 -33653.8 -16826.9 16826.9 33653.8 168269 84134.6 
-16826.9 84134.6 16826.9 -84134.6 -33653.8 168269 33653.8 -168269 -179487 -123397 -11217.9 112179 -224359 -179487 112179 493590 -168269 -84134.6 -16826.9 -33653.8 33653.8 16826.9 84134.6 168269 
168269 -33653.8 -16826.9 84134.6 33653.8 -168269 -84134.6 16826.9 168269 84134.6 -16826.9 -33653.8 33653.8 16826.9 -84134.6 -168269 493590 112179 -11217.9 112179 -224359 -179487 -123397 -179487 
33653.8 -168269 -84134.6 16826.9 168269 -33653.8 -16826.9 84134.6 84134.6 168269 -33653.8 -16826.9 16826.9 33653.8 -168269 -84134.6 112179 493590 112179 -11217.9 -179487 -224359 -179487 -123397 
16826.9 -84134.6 -168269 33653.8 84134.6 -16826.9 -33653.8 168269 16826.9 33653.8 -168269 -84134.6 84134.6 168269 -33653.8 -16826.9 -11217.9 112179 493590 112179 -123397 -179487 -224359 -179487 
84134.6 -16826.9 -33653.8 168269 16826.9 -84134.6 -168269 33653.8 33653.8 16826.9 -84134.6 -168269 168269 84134.6 -16826.9 -33653.8 112179 -11217.9 112179 493590 -179487 -123397 -179487 -224359 
-33653.8 168269 84134.6 -16826.9 -168269 33653.8 16826.9 -84134.6 -33653.8 -16826.9 84134.6 168269 -168269 -84134.6 16826.9 33653.8 -224359 -179487 -123397 -179487 493590 112179 -11217.9 112179 
-168269 33653.8 16826.9 -84134.6 -33653.8 168269 84134.6 -16826.9 -16826.9 -33653.8 168269 84134.6 -84134.6 -168269 33653.8 16826.9 -179487 -224359 -179487 -123397 112179 493590 112179 -11217.9 
-84134.6 16826.9 33653.8 -168269 -16826.9 84134.6 168269 -33653.8 -84134.6 -168269 33653.8 16826.9 -16826.9 -33653.8 168269 84134.6 -123397 -179487 -224359 -179487 -11217.9 112179 493590 112179 
-16826.9 84134.6 168269 -33653.8 -84134.6 16826.9 33653.8 -168269 -168269 -84134.6 16826.9 33653.8 -33653.8 -16826.9 84134.6 168269 -179487 -123397 -179487 -224359 112179 -11217.9 112179 493590 

493590 -224359 -179487 112179 112179 -179487 -123397 -11217.9 168269 33653.8 -168269 -33653.8 84134.6 16826.9 -84134.6 -16826.9 168269 33653.8 16826.9 84134.6 -33653.8 -168269 -84134.6 -16826.9 
-224359 493590 112179 -179487 -179487 112179 -11217.9 -123397 -33653.8 -168269 33653.8 168269 -16826.9 -84134.6 16826.9 84134.6 -33653.8 -168269 -84134.6 -16826.9 168269 33653.8 16826.9 84134.6 
-179487 112179 493590 -224359 -123397 -11217.9 112179 -179487 -168269 -33653.8 168269 33653.8 -84134.6 -16826.9 84134.6 16826.9 -16826.9 -84134.6 -168269 -33653.8 84134.6 16826.9 33653.8 168269 
112179 -179487 -224359 493590 -11217.9 -123397 -179487 112179 33653.8 168269 -33653.8 -168269 16826.9 84134.6 -16826.9 -84134.6 84134.6 16826.9 33653.8 168269 -16826.9 -84134.6 -168269 -33653.8 
112179 -179487 -123397 -11217.9 493590 -224359 -179487 112179 84134.6 16826.9 -84134.6 -16826.9 168269 33653.8 -168269 -33653.8 33653.8 168269 84134.6 16826.9 -168269 -33653.8 -16826.9 -84134.6 
-179487 112179 -11217.9 -123397 -224359 493590 112179 -179487 -16826.9 -84134.6 16826.9 84134.6 -33653.8 -168269 33653.8 168269 -168269 -33653.8 -16826.9 -84134.6 33653.8 168269 84134.6 16826.9 
-123397 -11217.9 112179 -179487 -179487 112179 493590 -224359 -84134.6 -16826.9 84134.6 16826.9 -168269 -33653.8 168269 33653.8 -84134.6 -16826.9 -33653.8 -168269 16826.9 84134.6 168269 33653.8 
-11217.9 -123397 -179487 112179 112179 -179487 -224359 493590 16826.9 84134.6 -16826.9 -84134.6 33653.8 168269 -33653.8 -168269 16826.9 84134.6 168269 33653.8 -84134.6 -16826.9 -33653.8 -168269 
168269 -33653.8 -168269 33653.8 84134.6 -16826.9 -84134.6 16826.9 493590 112179 -179487 -224359 112179 -11217.9 -123397 -179487 168269 84134.6 16826.9 33653.8 -33653.8 -16826.9 -84134.6 -168269 
33653.8 -168269 -33653.8 168269 16826.9 -84134.6 -16826.9 84134.6 112179 493590 -224359 -179487 -11217.9 112179 -179487 -123397 84134.6 168269 33653.8 16826.9 -16826.9 -33653.8 -168269 -84134.6 
-168269 33653.8 168269 -33653.8 -84134.6 16826.9 84134.6 -16826.9 -179487 -224359 493590 112179 -123397 -179487 112179 -11217.9 -16826.9 -33653.8 -168269 -84134.6 84134.6 168269 33653.8 16826.9 
-33653.8 168269 33653.8 -168269 -16826.9 84134.6 16826.9 -84134.6 -224359 -179487 112179 493590 -179487 -123397 -11217.9 112179 -33653.8 -16826.9 -84134.6 -168269 168269 84134.6 16826.9 33653.8 
84134.6 -16826.9 -84134.6 16826.9 168269 -33653.8 -168269 33653.8 112179 -11217.9 -123397 -179487 493590 112179 -179487 -224359 33653.8 16826.9 84134.6 168269 -168269 -84134.6 -16826.9 -33653.8 
16826.9 -84134.6 -16826.9 84134.6 33653.8 -168269 -33653.8 168269 -11217.9 112179 -179487 -123397 112179 493590 -224359 -179487 16826.9 33653.8 168269 84134.6 -84134.6 -168269 -33653.8 -16826.9 
-84134.6 16826.9 84134.6 -16826.9 -168269 33653.8 168269 -33653.8 -123397 -179487 112179 -11217.9 -179487 -224359 493590 112179 -84134.6 -168269 -33653.8 -16826.9 16826.9 33653.8 168269 84134.6 
-16826.9 84134.6 16826.9 -84134.6 -33653.8 168269 33653.8 -168269 -179487 -123397 -11217.9 112179 -224359 -179487 112179 493590 -168269 -84134.6 -16826.9 -33653.8 33653.8 16826.9 84134.6 168269 
168269 -33653.8 -16826.9 84134.6 33653.8 -168269 -84134.6 16826.9 168269 84134.6 -16826.9 -33653.8 33653.8 16826.9 -84134.6 -168269 493590 112179 -11217.9 112179 -224359 -179487 -123397 -179487 
33653.8 -168269 -84134.6 16826.9 168269 -33653.8 -16826.9 84134.6 84134.6 168269 -33653.8 -16826.9 16826.9 33653.8 -168269 -84134.6 112179 493590 112179 -11217.9 -179487 -224359 -179487 -123397 
16826.9 -84134.6 -168269 33653.8 84134.6 -16826.9 -33653.8 168269 16826.9 33653.8 -168269 -84134.6 84134.6 168269 -33653.8 -16826.9 -11217.9 112179 493590 112179 -123397 -179487 -224359 -179487 
84134.6 -16826.9 -33653.8 168269 16826.9 -84134.6 -168269 33653.8 33653.8 16826.9 -84134.6 -168269 168269 84134.6 -16826.9 -33653.8 112179 -11217.9 112179 493590 -179487 -123397 -179487 -224359 
-33653.8 168269 84134.6 -16826.9 -168269 33653.8 16826.9 -84134.6 -33653.8 -16826.9 84134.6 168269 -168269 -84134.6 16826.9 33653.8 -224359 -179487 -123397 -179487 493590 112179 -11217.9 112179 
-168269 33653.8 16826.9 -84134.6 -33653.8 168269 84134.6 -16826.9 -16826.9 -33653.8 168269 84134.6 -84134.6 -168269 33653.8 16826.9 -179487 -224359 -179487 -123397 112179 493590 112179 -11217.9 
-84134.6 16826.9 33653.8 -168269 -16826.9 84134.6 168269 -33653.8 -84134.6 -168269 33653.8 16826.9 -16826.9 -33653.8 168269 84134.6 -123397 -179487 -224359 -179487 -11217.9 112179 493590 112179 
-16826.9 84134.6 168269 -33653.8 -84134.6 16826.9 33653.8 -168269 -168269 -84134.6 16826.9 33653.8 -33653.8 -16826.9 84134.6 168269 -179487 -123397 -179487 -224359 112179 -11217.9 112179 493590 

493590 -224359 -179487 112179 112179 -179487 -123397 -11217.9 168269 33653.8 -168269 -33653.8 84134.6 16826.9 -84134.6 -16826.9 168269 33653.8 16826.9 84134.6 -33653.8 -168269 -84134.6 -16826.9 
-224359 493590 112179 -179487 -179487 112179 -11217.9 -123397 -33653.8 -168269 33653.8 168269 -16826.9 -84134.6 16826.9 84134.6 -33653.8 -168269 -84134.6 -16826.9 168269 33653.8 16826.9 84134.6 
-179487 112179 493590 -224359 -123397 -11217.9 112179 -179487 -168269 -33653.8 168269 33653.8 -84134.6 -16826.9 84134.6 16826.9 -16826.9 -84134.6 -168269 -33653.8 84134.6 16826.9 33653.8 168269 
112179 -179487 -224359 493590 -11217.9 -123397 -179487 112179 33653.8 168269 -33653.8 -168269 16826.9 84134.6 -16826.9 -84134.6 84134.6 16826.9 33653.8 168269 -16826.9 -84134.6 -168269 -33653.8 
112179 -179487 -123397 -11217.9 493590 -224359 -179487 112179 84134.6 16826.9 -84134.6 -16826.9 168269 33653.8 -168269 -33653.8 33653.8 168269 84134.6 16826.9 -168269 -33653.8 -16826.9 -84134.6 
-179487 112179 -11217.9 -123397 -224359 493590 112179 -179487 -16826.9 -84134.6 16826.9 84134.6 -33653.8 -168269 33653.8 168269 -168269 -33653.8 -16826.9 -84134.6 33653.8 168269 84134.6 16826.9 
-123397 -11217.9 112179 -179487 -179487 112179 493590 -224359 -84134.6 -16826.9 84134.6 16826.9 -168269 -33653.8 168269 33653.8 -84134.6 -16826.9 -33653.8 -168269 16826.9 84134.6 168269 33653.8 
-11217.9 -123397 -179487 112179 112179 -179487 -224359 493590 16826.9 84134.6 -16826.9 -84134.6 33653.8 168269 -33653.8 -168269 16826.9 84134.6 168269 33653.8 -84134.6 -16826.9 -33653.8 -168269 
168269 -33653.8 -168269 33653.8 84134.6 -16826.9 -84134.6 16826.9 493590 112179 -179487 -224359 112179 -11217.9 -123397 -179487 168269 84134.6 16826.9 33653.8 -33653.8 -16826.9 -84134.6 -168269 
33653.8 -168269 -33653.8 168269 16826.9 -84134.6 -16826.9 84134.6 112179 493590 -224359 -179487 -11217.9 112179 -179487 -123397 84134.6 168269 33653.8 16826.9 -16826.9 -33653.8 -168269 -84134.6 
-168269 33653.8 168269 -33653.8 -84134.6 16826.9 84134.6 -16826.9 -179487 -224359 493590 112179 -123397 -179487 112179 -11217.9 -16826.9 -33653.8 -168269 -84134.6 84134.6 168269 33653.8 16826.9 
-33653.8 168269 33653.8 -168269 -16826.9 84134.6 16826.9 -84134.6 -224359 -179487 112179 493590 -179487 -123397 -11217.9 112179 -33653.8 -16826.9 -84134.6 -168269 168269 84134.6 16826.9 33653.8 
84134.6 -16826.9 -84134.6 16826.9 168269 -33653.8 -168269 33653.8 112179 -11217.9 -123397 -179487 493590 112179 -179487 -224359 33653.8 16826.9 84134.6 168269 -168269 -84134.6 -16826.9 -33653.8 
16826.9 -84134.6 -16826.9 84134.6 33653.8 -168269 -33653.8 168269 -11217.9 112179 -179487 -123397 112179 493590 -224359 -179487 16826.9 33653.8 168269 84134.6 -84134.6 -168269 -33653.8 -16826.9 
-84134.6 16826.9 84134.6 -16826.9 -168269 33653.8 168269 -33653.8 -123397 -179487 112179 -11217.9 -179487 -224359 493590 112179 -84134.6 -168269 -33653.8 -16826.9 16826.9 33653.8 168269 84134.6 
-16826.9 84134.6 16826.9 -84134.6 -33653.8 168269 33653.8 -168269 -179487 -123397 -11217.9 112179 -224359 -179487 112179 493590 -168269 -84134.6 -16826.9 -33653.8 33653.8 16826.9 84134.6 168269 
168269 -33653.8 -16826.9 84134.6 33653.8 -168269 -84134.6 16826.9 168269 84134.6 -16826.9 -33653.8 33653.8 16826.9 -84134.6 -168269 493590 112179 -11217.9 112179 -224359 -179487 -123397 -179487 
33653.8 -168269 -84134.6 16826.9 168269 -33653.8 -16826.9 84134.6 84134.6 168269 -33653.8 -16826.9 16826.9 33653.8 -168269 -84134.6 112179 493590 112179 -11217.9 -179487 -224359 -179487 -123397 
16826.9 -84134.6 -168269 33653.8 84134.6 -16826.9 -33653.8 168269 16826.9 33653.8 -168269 -84134.6 84134.6 168269 -33653.8 -16826.9 -11217.9 112179 493590 112179 -123397 -179487 -224359 -179487 
84134.6 -16826.9 -33653.8 168269 16826.9 -84134.6 -168269 33653.8 33653.8 16826.9 -84134.6 -168269 168269 84134.6 -16826.9 -33653.8 112179 -11217.9 112179 493590 -179487 -123397 -179487 -224359 
-33653.8 168269 84134.6 -16826.9 -168269 33653.8 16826.9 -84134.6 -33653.8 -16826.9 84134.6 168269 -168269 -84134.6 16826.9 33653.8 -224359 -179487 -123397 -179487 493590 112179 -11217.9 112179 
-168269 33653.8 16826.9 -84134.6 -33653.8 168269 84134.6 -16826.9 -16826.9 -33653.8 168269 84134.6 -84134.6 -168269 33653.8 16826.9 -179487 -224359 -179487 -123397 112179 493590 112179 -11217.9 
-84134.6 16826.9 33653.8 -168269 -16826.9 84134.6 168269 -33653.8 -84134.6 -168269 33653.8 16826.9 -16826.9 -33653.8 168269 84134.6 -123397 -179487 -224359 -179487 -11217.9 112179 493590 112179 
-16826.9 84134.6 168269 -33653.8 -84134.6 16826.9 33653.8 -168269 -168269 -84134.6 16826.9 33653.8 -33653.8 -16826.9 84134.6 168269 -179487 -123397 -179487 -224359 112179 -11217.9 112179 493590 

493590 -224359 -179487 112179 112179 -179487 -123397 -11217.9 168269 33653.8 -168269 -33653.8 84134.6 16826.9 -84134.6 -16826.9 168269 33653.8 16826.9 84134.6 -33653.8 -168269 -84134.6 -16826.9 
-224359 493590 112179 -179487 -179487 112179 -11217.9 -123397 -33653.8 -168269 33653.8 168269 -16826.9 -84134.6 16826.9 84134.6 -33653.8 -168269 -84134.6 -16826.9 168269 33653.8 16826.9 84134.6 
-179487 112179 493590 -224359 -123397 -11217.9 112179 -179487 -168269 -33653.8 168269 33653.8 -84134.6 -16826.9 84134.6 16826.9 -16826.9 -84134.6 -168269 -33653.8 84134.6 16826.9 33653.8 168269 
112179 -179487 -224359 493590 -11217.9 -123397 -179487 112179 33653.8 168269 -33653.8 -168269 16826.9 84134.6 -16826.9 -84134.6 84134.6 16826.9 33653.8 168269 -16826.9 -84134.6 -168269 -33653.8 
112179 -179487 -123397 -11217.9 493590 -224359 -179487 112179 84134.6 16826.9 -84134.6 -16826.9 168269 33653.8 -168269 -33653.8 33653.8 168269 84134.6 16826.9 -168269 -33653.8 -16826.9 -84134.6 
-179487 112179 -11217.9 -123397 -224359 493590 112179 -179487 -16826.9 -84134.6 16826.9 84134.6 -33653.8 -168269 33653.8 168269 -168269 -33653.8 -16826.9 -84134.6 33653.8 168269 84134.6 16826.9 
-123397 -11217.9 112179 -179487 -179487 112179 493590 -224359 -84134.6 -16826.9 84134.6 16826.9 -168269 -33653.8 168269 33653.8 -84134.6 -16826.9 -33653.8 -168269 16826.9 84134.6 168269 33653.8 
-11217.9 -123397 -179487 112179 112179 -179487 -224359 493590 16826.9 84134.6 -16826.9 -84134.6 33653.8 168269 -33653.8 -168269 16826.9 84134.6 168269 33653.8 -84134.6 -16826.9 -33653.8 -168269 
168269 -33653.8 -168269 33653.8 84134.6 -16826.9 -84134.6 16826.9 493590 112179 -179487 -224359 112179 -11217.9 -123397 -179487 168269 84134.6 16826.9 33653.8 -33653.8 -16826.9 -84134.6 -168269 
33653.8 -168269 -33653.8 168269 16826.9 -84134.6 -16826.9 84134.6 112179 493590 -224359 -179487 -11217.9 112179 -179487 -123397 84134.6 168269 33653.8 16826.9 -16826.9 -33653.8 -168269 -84134.6 
-168269 33653.8 168269 -33653.8 -84134.6 16826.9 84134.6 -16826.9 -179487 -224359 493590 112179 -123397 -179487 112179 -11217.9 -16826.9 -33653.8 -168269 -84134.6 84134.6 168269 33653.8 16826.9 
-33653.8 168269 33653.8 -168269 -16826.9 84134.6 16826.9 -84134.6 -224359 -179487 112179 493590 -179487 -123397 -11217.9 112179 -33653.8 -16826.9 -84134.6 -168269 168269 84134.6 16826.9 33653.8 
84134.6 -16826.9 -84134.6 16826.9 168269 -33653.8 -168269 33653.8 112179 -11217.9 -123397 -179487 493590 112179 -179487 -224359 33653.8 16826.9 84134.6 168269 -168269 -84134.6 -16826.9 -33653.8 
