123397 -56089.7 -44871.8 28044.9 28044.9 -44871.8 -30849.4 -2804.49 42067.3 8413.46 -42067.3 -8413.46 21033.7 4206.73 -21033.7 -4206.73 42067.3 8413.46 4206.73 21033.7 -8413.46 -42067.3 -21033.7 -4206.73 
-56089.7 123397 28044.9 -44871.8 -44871.8 28044.9 -2804.49 -30849.4 -8413.46 -42067.3 8413.46 42067.3 -4206.73 -21033.7 4206.73 21033.7 -8413.46 -42067.3 -21033.7 -4206.73 42067.3 8413.46 4206.73 21033.7 
-44871.8 28044.9 123397 -56089.7 -30849.4 -2804.49 28044.9 -44871.8 -42067.3 -8413.46 42067.3 8413.46 -21033.7 -4206.73 21033.7 4206.73 -4206.73 -21033.7 -42067.3 -8413.46 21033.7 4206.73 8413.46 42067.3 
28044.9 -44871.8 -56089.7 123397 -2804.49 -30849.4 -44871.8 28044.9 8413.46 42067.3 -8413.46 -42067.3 4206.73 21033.7 -4206.73 -21033.7 21033.7 4206.73 8413.46 42067.3 -4206.73 -21033.7 -42067.3 -8413.46 
28044.9 -44871.8 -30849.4 -2804.49 123397 -56089.7 -44871.8 28044.9 21033.7 4206.73 -21033.7 -4206.73 42067.3 8413.46 -42067.3 -8413.46 8413.46 42067.3 21033.7 4206.73 -42067.3 -8413.46 -4206.73 -21033.7 
-44871.8 28044.9 -2804.49 -30849.4 -56089.7 123397 28044.9 -44871.8 -4206.73 -21033.7 4206.73 21033.7 -8413.46 -42067.3 8413.46 42067.3 -42067.3 -8413.46 -4206.73 -21033.7 8413.46 42067.3 21033.7 4206.73 
-30849.4 -2804.49 28044.9 -44871.8 -44871.8 28044.9 123397 -56089.7 -21033.7 -4206.73 21033.7 4206.73 -42067.3 -8413.46 42067.3 8413.46 -21033.7 -4206.73 -8413.46 -42067.3 4206.73 21033.7 42067.3 8413.46 
-2804.49 -30849.4 -44871.8 28044.9 28044.9 -44871.8 -56089.7 123397 4206.73 21033.7 -4206.73 -21033.7 8413.46 42067.3 -8413.46 -42067.3 4206.73 21033.7 42067.3 8413.46 -21033.7 -4206.73 -8413.46 -42067.3 
42067.3 -8413.46 -42067.3 8413.46 21033.7 -4206.73 -21033.7 4206.73 123397 28044.9 -44871.8 -56089.7 28044.9 -2804.49 -30849.4 -44871.8 42067.3 21033.7 4206.73 8413.46 -8413.46 -4206.73 -21033.7 -42067.3 
8413.46 -42067.3 -8413.46 42067.3 4206.73 -21033.7 -4206.73 21033.7 28044.9 123397 -56089.7 -44871.8 -2804.49 28044.9 -44871.8 -30849.4 21033.7 42067.3 8413.46 4206.73 -4206.73 -8413.46 -42067.3 -21033.7 
-42067.3 8413.46 42067.3 -8413.46 -21033.7 4206.73 21033.7 -4206.73 -44871.8 -56089.7 123397 28044.9 -30849.4 -44871.8 28044.9 -2804.49 -4206.73 -8413.46 -42067.3 -21033.7 21033.7 42067.3 8413.46 4206.73 
-8413.46 42067.3 8413.46 -42067.3 -4206.73 21033.7 4206.73 -21033.7 -56089.7 -44871.8 28044.9 123397 -44871.8 -30849.4 -2804.49 28044.9 -8413.46 -4206.73 -21033.7 -42067.3 42067.3 21033.7 4206.73 8413.46 
21033.7 -4206.73 -21033.7 4206.73 42067.3 -8413.46 -42067.3 8413.46 28044.9 -2804.49 -30849.4 -44871.8 123397 28044.9 -44871.8 -56089.7 8413.46 4206.73 21033.7 42067.3 -42067.3 -21033.7 -4206.73 -8413.46 
4206.73 -21033.7 -4206.73 21033.7 8413.46 -42067.3 -8413.46 42067.3 -2804.49 28044.9 -44871.8 -30849.4 28044.9 123397 -56089.7 -44871.8 4206.73 8413.46 42067.3 21033.7 -21033.7 -42067.3 -8413.46 -4206.73 
-21033.7 4206.73 21033.7 -4206.73 -42067.3 8413.46 42067.3 -8413.46 -30849.4 -44871.8 28044.9 -2804.49 -44871.8 -56089.7 123397 28044.9 -21033.7 -42067.3 -8413.46 -4206.73 4206.73 8413.46 42067.3 21033.7 
-4206.73 21033.7 4206.73 -21033.7 -8413.46 42067.3 8413.46 -42067.3 -44871.8 -30849.4 -2804.49 28044.9 -56089.7 -44871.8 28044.9 123397 -42067.3 -21033.7 -4206.73 -8413.46 8413.46 4206.73 21033.7 42067.3 
42067.3 -8413.46 -4206.73 21033.7 8413.46 -42067.3 -21033.7 4206.73 42067.3 21033.7 -4206.73 -8413.46 8413.46 4206.73 -21033.7 -42067.3 123397 28044.9 -2804.49 28044.9 -56089.7 -44871.8 -30849.4 -44871.8 
8413.46 -42067.3 -21033.7 4206.73 42067.3 -8413.46 -4206.73 21033.7 21033.7 42067.3 -8413.46 -4206.73 4206.73 8413.46 -42067.3 -21033.7 28044.9 123397 28044.9 -2804.49 -44871.8 -56089.7 -44871.8 -30849.4 
4206.73 -21033.7 -42067.3 8413.46 21033.7 -4206.73 -8413.46 42067.3 4206.73 8413.46 -42067.3 -21033.7 21033.7 42067.3 -8413.46 -4206.73 -2804.49 28044.9 123397 28044.9 -30849.4 -44871.8 -56089.7 -44871.8 
21033.7 -4206.73 -8413.46 42067.3 4206.73 -21033.7 -42067.3 8413.46 8413.46 4206.73 -21033.7 -42067.3 42067.3 21033.7 -4206.73 -8413.46 28044.9 -2804.49 28044.9 123397 -44871.8 -30849.4 -44871.8 -56089.7 
-8413.46 42067.3 21033.7 -4206.73 -42067.3 8413.46 4206.73 -21033.7 -8413.46 -4206.73 21033.7 42067.3 -42067.3 -21033.7 4206.73 8413.46 -56089.7 -44871.8 -30849.4 -44871.8 123397 28044.9 -2804.49 28044.9 
-42067.3 8413.46 4206.73 -21033.7 -8413.46 42067.3 21033.7 -4206.73 -4206.73 -8413.46 42067.3 21033.7 -21033.7 -42067.3 8413.46 4206.73 -44871.8 -56089.7 -44871.8 -30849.4 28044.9 123397 28044.9 -2804.49 
-21033.7 4206.73 8413.46 -42067.3 -4206.73 21033.7 42067.3 -8413.46 -21033.7 -42067.3 8413.46 4206.73 -4206.73 -8413.46 42067.3 21033.7 -30849.4 -44871.8 -56089.7 -44871.8 -2804.49 28044.9 123397 28044.9 
-4206.73 21033.7 42067.3 -8413.46 -21033.7 4206.73 8413.46 -42067.3 -42067.3 -21033.7 4206.73 8413.46 -8413.46 -4206.73 21033.7 42067.3 -44871.8 -30849.4 -44871.8 -56089.7 28044.9 -2804.49 28044.9 123397 

123397 -56089.7 -44871.8 28044.9 28044.9 -44871.8 -30849.4 -2804.49 42067.3 8413.46 -42067.3 -8413.46 21033.7 4206.73 -21033.7 -4206.73 42067.3 8413.46 4206.73 21033.7 -8413.46 -42067.3 -21033.7 -4206.73 
-56089.7 123397 28044.9 -44871.8 -44871.8 28044.9 -2804.49 -30849.4 -8413.46 -42067.3 8413.46 42067.3 -4206.73 -21033.7 4206.73 21033.7 -8413.46 -42067.3 -21033.7 -4206.73 42067.3 8413.46 4206.73 21033.7 
-44871.8 28044.9 123397 -56089.7 -30849.4 -2804.49 28044.9 -44871.8 -42067.3 -8413.46 42067.3 8413.46 -21033.7 -4206.73 21033.7 4206.73 -4206.73 -21033.7 -42067.3 -8413.46 21033.7 4206.73 8413.46 42067.3 
28044.9 -44871.8 -56089.7 123397 -2804.49 -30849.4 -44871.8 28044.9 8413.46 42067.3 -8413.46 -42067.3 4206.73 21033.7 -4206.73 -21033.7 21033.7 4206.73 8413.46 42067.3 -4206.73 -21033.7 -42067.3 -8413.46 
28044.9 -44871.8 -30849.4 -2804.49 123397 -56089.7 -44871.8 28044.9 21033.7 4206.73 -21033.7 -4206.73 42067.3 8413.46 -42067.3 -8413.46 8413.46 42067.3 21033.7 4206.73 -42067.3 -8413.46 -4206.73 -21033.7 
-44871.8 28044.9 -2804.49 -30849.4 -56089.7 123397 28044.9 -44871.8 -4206.73 -21033.7 4206.73 21033.7 -8413.46 -42067.3 8413.46 42067.3 -42067.3 -8413.46 -4206.73 -21033.7 8413.46 42067.3 21033.7 4206.73 
-30849.4 -2804.49 28044.9 -44871.8 -44871.8 28044.9 123397 -56089.7 -21033.7 -4206.73 21033.7 4206.73 -42067.3 -8413.46 42067.3 8413.46 -21033.7 -4206.73 -8413.46 -42067.3 4206.73 21033.7 42067.3 8413.46 
-2804.49 -30849.4 -44871.8 28044.9 28044.9 -44871.8 -56089.7 123397 4206.73 21033.7 -4206.73 -21033.7 8413.46 42067.3 -8413.46 -42067.3 4206.73 21033.7 42067.3 8413.46 -21033.7 -4206.73 -8413.46 -42067.3 
42067.3 -8413.46 -42067.3 8413.46 21033.7 -4206.73 -21033.7 4206.73 123397 28044.9 -44871.8 -56089.7 28044.9 -2804.49 -30849.4 -44871.8 42067.3 21033.7 4206.73 8413.46 -8413.46 -4206.73 -21033.7 -42067.3 
8413.46 -42067.3 -8413.46 42067.3 4206.73 -21033.7 -4206.73 21033.7 28044.9 123397 -56089.7 -44871.8 -2804.49 28044.9 -44871.8 -30849.4 21033.7 42067.3 8413.46 4206.73 -4206.73 -8413.46 -42067.3 -21033.7 
-42067.3 8413.46 42067.3 -8413.46 -21033.7 4206.73 21033.7 -4206.73 -44871.8 -56089.7 123397 28044.9 -30849.4 -44871.8 28044.9 -2804.49 -4206.73 -8413.46 -42067.3 -21033.7 21033.7 42067.3 8413.46 4206.73 
-8413.46 42067.3 8413.46 -42067.3 -4206.73 21033.7 4206.73 -21033.7 -56089.7 -44871.8 28044.9 123397 -44871.8 -30849.4 -2804.49 28044.9 -8413.46 -4206.73 -21033.7 -42067.3 42067.3 21033.7 4206.73 8413.46 
21033.7 -4206.73 -21033.7 4206.73 42067.3 -8413.46 -42067.3 8413.46 28044.9 -2804.49 -30849.4 -44871.8 123397 28044.9 -44871.8 -56089.7 8413.46 4206.73 21033.7 42067.3 -42067.3 -21033.7 -4206.73 -8413.46 
4206.73 -21033.7 -4206.73 21033.7 8413.46 -42067.3 -8413.46 42067.3 -2804.49 28044.9 -44871.8 -30849.4 28044.9 123397 -56089.7 -44871.8 4206.73 8413.46 42067.3 21033.7 -21033.7 -42067.3 -8413.46 -4206.73 
-21033.7 4206.73 21033.7 -4206.73 -42067.3 8413.46 42067.3 -8413.46 -30849.4 -44871.8 28044.9 -2804.49 -44871.8 -56089.7 123397 28044.9 -21033.7 -42067.3 -8413.46 -4206.73 4206.73 8413.46 42067.3 21033.7 
-4206.73 21033.7 4206.73 -21033.7 -8413.46 42067.3 8413.46 -42067.3 -44871.8 -30849.4 -2804.49 28044.9 -56089.7 -44871.8 28044.9 123397 -42067.3 -21033.7 -4206.73 -8413.46 8413.46 4206.73 21033.7 42067.3 
42067.3 -8413.46 -4206.73 21033.7 8413.46 -42067.3 -21033.7 4206.73 42067.3 21033.7 -4206.73 -8413.46 8413.46 4206.73 -21033.7 -42067.3 123397 28044.9 -2804.49 28044.9 -56089.7 -44871.8 -30849.4 -44871.8 
8413.46 -42067.3 -21033.7 4206.73 42067.3 -8413.46 -4206.73 21033.7 21033.7 42067.3 -8413.46 -4206.73 4206.73 8413.46 -42067.3 -21033.7 28044.9 123397 28044.9 -2804.49 -44871.8 -56089.7 -44871.8 -30849.4 
4206.73 -21033.7 -42067.3 8413.46 21033.7 -4206.73 -8413.46 42067.3 4206.73 8413.46 -42067.3 -21033.7 21033.7 42067.3 -8413.46 -4206.73 -2804.49 28044.9 123397 28044.9 -30849.4 -44871.8 -56089.7 -44871.8 
21033.7 -4206.73 -8413.46 42067.3 4206.73 -21033.7 -42067.3 8413.46 8413.46 4206.73 -21033.7 -42067.3 42067.3 21033.7 -4206.73 -8413.46 28044.9 -2804.49 28044.9 123397 -44871.8 -30849.4 -44871.8 -56089.7 
-8413.46 42067.3 21033.7 -4206.73 -42067.3 8413.46 4206.73 -21033.7 -8413.46 -4206.73 21033.7 42067.3 -42067.3 -21033.7 4206.73 8413.46 -56089.7 -44871.8 -30849.4 -44871.8 123397 28044.9 -2804.49 28044.9 
-42067.3 8413.46 4206.73 -21033.7 -8413.46 42067.3 21033.7 -4206.73 -4206.73 -8413.46 42067.3 21033.7 -21033.7 -42067.3 8413.46 4206.73 -44871.8 -56089.7 -44871.8 -30849.4 28044.9 123397 28044.9 -2804.49 
-21033.7 4206.73 8413.46 -42067.3 -4206.73 21033.7 42067.3 -8413.46 -21033.7 -42067.3 8413.46 4206.73 -4206.73 -8413.46 42067.3 21033.7 -30849.4 -44871.8 -56089.7 -44871.8 -2804.49 28044.9 123397 28044.9 
-4206.73 21033.7 42067.3 -8413.46 -21033.7 4206.73 8413.46 -42067.3 -42067.3 -21033.7 4206.73 8413.46 -8413.46 -4206.73 21033.7 42067.3 -44871.8 -30849.4 -44871.8 -56089.7 28044.9 -2804.49 28044.9 123397 

123397 -56089.7 -44871.8 28044.9 28044.9 -44871.8 -30849.4 -2804.49 42067.3 8413.46 -42067.3 -8413.46 21033.7 4206.73 -21033.7 -4206.73 42067.3 8413.46 4206.73 21033.7 -8413.46 -42067.3 -21033.7 -4206.73 
-56089.7 123397 28044.9 -44871.8 -44871.8 28044.9 -2804.49 -30849.4 -8413.46 -42067.3 8413.46 42067.3 -4206.73 -21033.7 4206.73 21033.7 -8413.46 -42067.3 -21033.7 -4206.73 42067.3 8413.46 4206.73 21033.7 
-44871.8 28044.9 123397 -56089.7 -30849.4 -2804.49 28044.9 -44871.8 -42067.3 -8413.46 42067.3 8413.46 -21033.7 -4206.73 21033.7 4206.73 -4206.73 -21033.7 -42067.3 -8413.46 21033.7 4206.73 8413.46 42067.3 
28044.9 -44871.8 -56089.7 123397 -2804.49 -30849.4 -44871.8 28044.9 8413.46 42067.3 -8413.46 -42067.3 4206.73 21033.7 -4206.73 -21033.7 21033.7 4206.73 8413.46 42067.3 -4206.73 -21033.7 -42067.3 -8413.46 
28044.9 -44871.8 -30849.4 -2804.49 123397 -56089.7 -44871.8 28044.9 21033.7 4206.73 -21033.7 -4206.73 42067.3 8413.46 -42067.3 -8413.46 8413.46 42067.3 21033.7 4206.73 -42067.3 -8413.46 -4206.73 -21033.7 
-44871.8 28044.9 -2804.49 -30849.4 -56089.7 123397 28044.9 -44871.8 -4206.73 -21033.7 4206.73 21033.7 -8413.46 -42067.3 8413.46 42067.3 -42067.3 -8413.46 -4206.73 -21033.7 8413.46 42067.3 21033.7 4206.73 
-30849.4 -2804.49 28044.9 -44871.8 -44871.8 28044.9 123397 -56089.7 -21033.7 -4206.73 21033.7 4206.73 -42067.3 -8413.46 42067.3 8413.46 -21033.7 -4206.73 -8413.46 -42067.3 4206.73 21033.7 42067.3 8413.46 
-2804.49 -30849.4 -44871.8 28044.9 28044.9 -44871.8 -56089.7 123397 4206.73 21033.7 -4206.73 -21033.7 8413.46 42067.3 -8413.46 -42067.3 4206.73 21033.7 42067.3 8413.46 -21033.7 -4206.73 -8413.46 -42067.3 
42067.3 -8413.46 -42067.3 8413.46 21033.7 -4206.73 -21033.7 4206.73 123397 28044.9 -44871.8 -56089.7 28044.9 -2804.49 -30849.4 -44871.8 42067.3 21033.7 4206.73 8413.46 -8413.46 -4206.73 -21033.7 -42067.3 
8413.46 -42067.3 -8413.46 42067.3 4206.73 -21033.7 -4206.73 21033.7 28044.9 123397 -56089.7 -44871.8 -2804.49 28044.9 -44871.8 -30849.4 21033.7 42067.3 8413.46 4206.73 -4206.73 -8413.46 -42067.3 -21033.7 
-42067.3 8413.46 42067.3 -8413.46 -21033.7 4206.73 21033.7 -4206.73 -44871.8 -56089.7 123397 28044.9 -30849.4 -44871.8 28044.9 -2804.49 -4206.73 -8413.46 -42067.3 -21033.7 21033.7 42067.3 8413.46 4206.73 
-8413.46 42067.3 8413.46 -42067.3 -4206.73 21033.7 4206.73 -21033.7 -56089.7 -44871.8 28044.9 123397 -44871.8 -30849.4 -2804.49 28044.9 -8413.46 -4206.73 -21033.7 -42067.3 42067.3 21033.7 4206.73 8413.46 
21033.7 -4206.73 -21033.7 4206.73 42067.3 -8413.46 -42067.3 8413.46 28044.9 -2804.49 -30849.4 -44871.8 123397 28044.9 -44871.8 -56089.7 8413.46 4206.73 21033.7 42067.3 -42067.3 -21033.7 -4206.73 -8413.46 
4206.73 -21033.7 -4206.73 21033.7 8413.46 -42067.3 -8413.46 42067.3 -2804.49 28044.9 -44871.8 -30849.4 28044.9 123397 -56089.7 -44871.8 4206.73 8413.46 42067.3 21033.7 -21033.7 -42067.3 -8413.46 -4206.73 
-21033.7 4206.73 21033.7 -4206.73 -42067.3 8413.46 42067.3 -8413.46 -30849.4 -44871.8 28044.9 -2804.49 -44871.8 -56089.7 123397 28044.9 -21033.7 -42067.3 -8413.46 -4206.73 4206.73 8413.46 42067.3 21033.7 
-4206.73 21033.7 4206.73 -21033.7 -8413.46 42067.3 8413.46 -42067.3 -44871.8 -30849.4 -2804.49 28044.9 -56089.7 -44871.8 28044.9 123397 -42067.3 -21033.7 -4206.73 -8413.46 8413.46 4206.73 21033.7 42067.3 
42067.3 -8413.46 -4206.73 21033.7 8413.46 -42067.3 -21033.7 4206.73 42067.3 21033.7 -4206.73 -8413.46 8413.46 4206.73 -21033.7 -42067.3 123397 28044.9 -2804.49 28044.9 -56089.7 -44871.8 -30849.4 -44871.8 
8413.46 -42067.3 -21033.7 4206.73 42067.3 -8413.46 -4206.73 21033.7 21033.7 42067.3 -8413.46 -4206.73 4206.73 8413.46 -42067.3 -21033.7 28044.9 123397 28044.9 -2804.49 -44871.8 -56089.7 -44871.8 -30849.4 
4206.73 -21033.7 -42067.3 8413.46 21033.7 -4206.73 -8413.46 42067.3 4206.73 8413.46 -42067.3 -21033.7 21033.7 42067.3 -8413.46 -4206.73 -2804.49 28044.9 123397 28044.9 -30849.4 -44871.8 -56089.7 -44871.8 
21033.7 -4206.73 -8413.46 42067.3 4206.73 -21033.7 -42067.3 8413.46 8413.46 4206.73 -21033.7 -42067.3 42067.3 21033.7 -4206.73 -8413.46 28044.9 -2804.49 28044.9 123397 -44871.8 -30849.4 -44871.8 -56089.7 
-8413.46 42067.3 21033.7 -4206.73 -42067.3 8413.46 4206.73 -21033.7 -8413.46 -4206.73 21033.7 42067.3 -42067.3 -21033.7 4206.73 8413.46 -56089.7 -44871.8 -30849.4 -44871.8 123397 28044.9 -2804.49 28044.9 
-42067.3 8413.46 4206.73 -21033.7 -8413.46 42067.3 21033.7 -4206.73 -4206.73 -8413.46 42067.3 21033.7 -21033.7 -42067.3 8413.46 4206.73 -44871.8 -56089.7 -44871.8 -30849.4 28044.9 123397 28044.9 -2804.49 
-21033.7 4206.73 8413.46 -42067.3 -4206.73 21033.7 42067.3 -8413.46 -21033.7 -42067.3 8413.46 4206.73 -4206.73 -8413.46 42067.3 21033.7 -30849.4 -44871.8 -56089.7 -44871.8 -2804.49 28044.9 123397 28044.9 
-4206.73 21033.7 42067.3 -8413.46 -21033.7 4206.73 8413.46 -42067.3 -42067.3 -21033.7 4206.73 8413.46 -8413.46 -4206.73 21033.7 42067.3 -44871.8 -30849.4 -44871.8 -56089.7 28044.9 -2804.49 28044.9 123397 

123397 -56089.7 -44871.8 28044.9 28044.9 -44871.8 -30849.4 -2804.49 42067.3 8413.46 -42067.3 -8413.46 21033.7 4206.73 -21033.7 -4206.73 42067.3 8413.46 4206.73 21033.7 -8413.46 -42067.3 -21033.7 -4206.73 
-56089.7 123397 28044.9 -44871.8 -44871.8 28044.9 -2804.49 -30849.4 -8413.46 -42067.3 8413.46 42067.3 -4206.73 -21033.7 4206.73 21033.7 -8413.46 -42067.3 -21033.7 -4206.73 42067.3 8413.46 4206.73 21033.7 
-44871.8 28044.9 123397 -56089.7 -30849.4 -2804.49 28044.9 -44871.8 -42067.3 -8413.46 42067.3 8413.46 -21033.7 -4206.73 21033.7 4206.73 -4206.73 -21033.7 -42067.3 -8413.46 21033.7 4206.73 8413.46 42067.3 
28044.9 -44871.8 -56089.7 123397 -2804.49 -30849.4 -44871.8 28044.9 8413.46 42067.3 -8413.46 -42067.3 4206.73 21033.7 -4206.73 -21033.7 21033.7 4206.73 8413.46 42067.3 -4206.73 -21033.7 -42067.3 -8413.46 
28044.9 -44871.8 -30849.4 -2804.49 123397 -56089.7 -44871.8 28044.9 21033.7 4206.73 -21033.7 -4206.73 42067.3 8413.46 -42067.3 -8413.46 8413.46 42067.3 21033.7 4206.73 -42067.3 -8413.46 -4206.73 -21033.7 
-44871.8 28044.9 -2804.49 -30849.4 -56089.7 123397 28044.9 -44871.8 -4206.73 -21033.7 4206.73 21033.7 -8413.46 -42067.3 8413.46 42067.3 -42067.3 -8413.46 -4206.73 -21033.7 8413.46 42067.3 21033.7 4206.73 
-30849.4 -2804.49 28044.9 -44871.8 -44871.8 28044.9 123397 -56089.7 -21033.7 -4206.73 21033.7 4206.73 -42067.3 -8413.46 42067.3 8413.46 -21033.7 -4206.73 -8413.46 -42067.3 4206.73 21033.7 42067.3 8413.46 
-2804.49 -30849.4 -44871.8 28044.9 28044.9 -44871.8 -56089.7 123397 4206.73 21033.7 -4206.73 -21033.7 8413.46 42067.3 -8413.46 -42067.3 4206.73 21033.7 42067.3 8413.46 -21033.7 -4206.73 -8413.46 -42067.3 
42067.3 -8413.46 -42067.3 8413.46 21033.7 -4206.73 -21033.7 4206.73 123397 28044.9 -44871.8 -56089.7 28044.9 -2804.49 -30849.4 -44871.8 42067.3 21033.7 4206.73 8413.46 -8413.46 -4206.73 -21033.7 -42067.3 
8413.46 -42067.3 -8413.46 42067.3 4206.73 -21033.7 -4206.73 21033.7 28044.9 123397 -56089.7 -44871.8 -2804.49 28044.9 -44871.8 -30849.4 21033.7 42067.3 8413.46 4206.73 -4206.73 -8413.46 -42067.3 -21033.7 
-42067.3 8413.46 42067.3 -8413.46 -21033.7 4206.73 21033.7 -4206.73 -44871.8 -56089.7 123397 28044.9 -30849.4 -44871.8 28044.9 -2804.49 -4206.73 -8413.46 -42067.3 -21033.7 21033.7 42067.3 8413.46 4206.73 
-8413.46 42067.3 8413.46 -42067.3 -4206.73 21033.7 4206.73 -21033.7 -56089.7 -44871.8 28044.9 123397 -44871.8 -30849.4 -2804.49 28044.9 -8413.46 -4206.73 -21033.7 -42067.3 42067.3 21033.7 4206.73 8413.46 
21033.7 -4206.73 -21033.7 4206.73 42067.3 -8413.46 -42067.3 8413.46 28044.9 -2804.49 -30849.4 -44871.8 123397 28044.9 -44871.8 -56089.7 8413.46 4206.73 21033.7 42067.3 -42067.3 -21033.7 -4206.73 -8413.46 
4206.73 -21033.7 -4206.73 21033.7 8413.46 -42067.3 -8413.46 42067.3 -2804.49 28044.9 -44871.8 -30849.4 28044.9 123397 -56089.7 -44871.8 4206.73 8413.46 42067.3 21033.7 -21033.7 -42067.3 -8413.46 -4206.73 
-21033.7 4206.73 21033.7 -4206.73 -42067.3 8413.46 42067.3 -8413.46 -30849.4 -44871.8 28044.9 -2804.49 -44871.8 -56089.7 123397 28044.9 -21033.7 -42067.3 -8413.46 -4206.73 4206.73 8413.46 42067.3 21033.7 
-4206.73 21033.7 4206.73 -21033.7 -8413.46 42067.3 8413.46 -42067.3 -44871.8 -30849.4 -2804.49 28044.9 -56089.7 -44871.8 28044.9 123397 -42067.3 -21033.7 -4206.73 -8413.46 8413.46 4206.73 21033.7 42067.3 
42067.3 -8413.46 -4206.73 21033.7 8413.46 -42067.3 -21033.7 4206.73 42067.3 21033.7 -4206.73 -8413.46 8413.46 4206.73 -21033.7 -42067.3 123397 28044.9 -2804.49 28044.9 -56089.7 -44871.8 -30849.4 -44871.8 
8413.46 -42067.3 -21033.7 4206.73 42067.3 -8413.46 -4206.73 21033.7 21033.7 42067.3 -8413.46 -4206.73 4206.73 8413.46 -42067.3 -21033.7 28044.9 123397 28044.9 -2804.49 -44871.8 -56089.7 -44871.8 -30849.4 
4206.73 -21033.7 -42067.3 8413.46 21033.7 -4206.73 -8413.46 42067.3 4206.73 8413.46 -42067.3 -21033.7 21033.7 42067.3 -8413.46 -4206.73 -2804.49 28044.9 123397 28044.9 -30849.4 -44871.8 -56089.7 -44871.8 
21033.7 -4206.73 -8413.46 42067.3 4206.73 -21033.7 -42067.3 8413.46 8413.46 4206.73 -21033.7 -42067.3 42067.3 21033.7 -4206.73 -8413.46 28044.9 -2804.49 28044.9 123397 -44871.8 -30849.4 -44871.8 -56089.7 
-8413.46 42067.3 21033.7 -4206.73 -42067.3 8413.46 4206.73 -21033.7 -8413.46 -4206.73 21033.7 42067.3 -42067.3 -21033.7 4206.73 8413.46 -56089.7 -44871.8 -30849.4 -44871.8 123397 28044.9 -2804.49 28044.9 
-42067.3 8413.46 4206.73 -21033.7 -8413.46 42067.3 21033.7 -4206.73 -4206.73 -8413.46 42067.3 21033.7 -21033.7 -42067.3 8413.46 4206.73 -44871.8 -56089.7 -44871.8 -30849.4 28044.9 123397 28044.9 -2804.49 
-21033.7 4206.73 8413.46 -42067.3 -4206.73 21033.7 42067.3 -8413.46 -21033.7 -42067.3 8413.46 4206.73 -4206.73 -8413.46 42067.3 21033.7 -30849.4 -44871.8 -56089.7 -44871.8 -2804.49 28044.9 123397 28044.9 
-4206.73 21033.7 42067.3 -8413.46 -21033.7 4206.73 8413.46 -42067.3 -42067.3 -21033.7 4206.73 8413.46 -8413.46 -4206.73 21033.7 42067.3 -44871.8 -30849.4 -44871.8 -56089.7 28044.9 -2804.49 28044.9 123397 

123397 -56089.7 -44871.8 28044.9 28044.9 -44871.8 -30849.4 -2804.49 42067.3 8413.46 -42067.3 -8413.46 21033.7 4206.73 -21033.7 -4206.73 42067.3 8413.46 4206.73 21033.7 -8413.46 -42067.3 -21033.7 -4206.73 
-56089.7 123397 28044.9 -44871.8 -44871.8 28044.9 -2804.49 -30849.4 -8413.46 -42067.3 8413.46 42067.3 -4206.73 -21033.7 4206.73 21033.7 -8413.46 -42067.3 -21033.7 -4206.73 42067.3 8413.46 4206.73 21033.7 
-44871.8 28044.9 123397 -56089.7 -30849.4 -2804.49 28044.9 -44871.8 -42067.3 -8413.46 42067.3 8413.46 -21033.7 -4206.73 21033.7 4206.73 -4206.73 -21033.7 -42067.3 -8413.46 21033.7 4206.73 8413.46 42067.3 
28044.9 -44871.8 -56089.7 123397 -2804.49 -30849.4 -44871.8 28044.9 8413.46 42067.3 -8413.46 -42067.3 4206.73 21033.7 -4206.73 -21033.7 21033.7 4206.73 8413.46 42067.3 -4206.73 -21033.7 -42067.3 -8413.46 
28044.9 -44871.8 -30849.4 -2804.49 123397 -56089.7 -44871.8 28044.9 21033.7 4206.73 -21033.7 -4206.73 42067.3 8413.46 -42067.3 -8413.46 8413.46 42067.3 21033.7 4206.73 -42067.3 -8413.46 -4206.73 -21033.7 
-44871.8 28044.9 -2804.49 -30849.4 -56089.7 123397 28044.9 -44871.8 -4206.73 -21033.7 4206.73 21033.7 -8413.46 -42067.3 8413.46 42067.3 -42067.3 -8413.46 -4206.73 -21033.7 8413.46 42067.3 21033.7 4206.73 
-30849.4 -2804.49 28044.9 -44871.8 -44871.8 28044.9 123397 -56089.7 -21033.7 -4206.73 21033.7 4206.73 -42067.3 -8413.46 42067.3 8413.46 -21033.7 -4206.73 -8413.46 -42067.3 4206.73 21033.7 42067.3 8413.46 
-2804.49 -30849.4 -44871.8 28044.9 28044.9 -44871.8 -56089.7 123397 4206.73 21033.7 -4206.73 -21033.7 8413.46 42067.3 -8413.46 -42067.3 4206.73 21033.7 42067.3 8413.46 -21033.7 -4206.73 -8413.46 -42067.3 
42067.3 -8413.46 -42067.3 8413.46 21033.7 -4206.73 -21033.7 4206.73 123397 28044.9 -44871.8 -56089.7 28044.9 -2804.49 -30849.4 -44871.8 42067.3 21033.7 4206.73 8413.46 -8413.46 -4206.73 -21033.7 -42067.3 
8413.46 -42067.3 -8413.46 42067.3 4206.73 -21033.7 -4206.73 21033.7 28044.9 123397 -56089.7 -44871.8 -2804.49 28044.9 -44871.8 -30849.4 21033.7 42067.3 8413.46 4206.73 -4206.73 -8413.46 -42067.3 -21033.7 
-42067.3 8413.46 42067.3 -8413.46 -21033.7 4206.73 21033.7 -4206.73 -44871.8 -56089.7 123397 28044.9 -30849.4 -44871.8 28044.9 -2804.49 -4206.73 -8413.46 -42067.3 -21033.7 21033.7 42067.3 8413.46 4206.73 
-8413.46 42067.3 8413.46 -42067.3 -4206.73 21033.7 4206.73 -21033.7 -56089.7 -44871.8 28044.9 123397 -44871.8 -30849.4 -2804.49 28044.9 -8413.46 -4206.73 -21033.7 -42067.3 42067.3 21033.7 4206.73 8413.46 
21033.7 -4206.73 -21033.7 4206.73 42067.3 -8413.46 -42067.3 8413.46 28044.9 -2804.49 -30849.4 -44871.8 123397 28044.9 -44871.8 -56089.7 8413.46 4206.73 21033.7 42067.3 -42067.3 -21033.7 -4206.73 -8413.46 
4206.73 -21033.7 -4206.73 21033.7 8413.46 -42067.3 -8413.46 42067.3 -2804.49 28044.9 -44871.8 -30849.4 28044.9 123397 -56089.7 -44871.8 4206.73 8413.46 42067.3 21033.7 -21033.7 -42067.3 -8413.46 -4206.73 
-21033.7 4206.73 21033.7 -4206.73 -42067.3 8413.46 42067.3 -8413.46 -30849.4 -44871.8 28044.9 -2804.49 -44871.8 -56089.7 123397 28044.9 -21033.7 -42067.3 -8413.46 -4206.73 4206.73 8413.46 42067.3 21033.7 
-4206.73 21033.7 4206.73 -21033.7 -8413.46 42067.3 8413.46 -42067.3 -44871.8 -30849.4 -2804.49 28044.9 -56089.7 -44871.8 28044.9 123397 -42067.3 -21033.7 -4206.73 -8413.46 8413.46 4206.73 21033.7 42067.3 
42067.3 -8413.46 -4206.73 21033.7 8413.46 -42067.3 -21033.7 4206.73 42067.3 21033.7 -4206.73 -8413.46 8413.46 4206.73 -21033.7 -42067.3 123397 28044.9 -2804.49 28044.9 -56089.7 -44871.8 -30849.4 -44871.8 
8413.46 -42067.3 -21033.7 4206.73 42067.3 -8413.46 -4206.73 21033.7 21033.7 42067.3 -8413.46 -4206.73 4206.73 8413.46 -42067.3 -21033.7 28044.9 123397 28044.9 -2804.49 -44871.8 -56089.7 -44871.8 -30849.4 
4206.73 -21033.7 -42067.3 8413.46 21033.7 -4206.73 -8413.46 42067.3 4206.73 8413.46 -42067.3 -21033.7 21033.7 42067.3 -8413.46 -4206.73 -2804.49 28044.9 123397 28044.9 -30849.4 -44871.8 -56089.7 -44871.8 
21033.7 -4206.73 -8413.46 42067.3 4206.73 -21033.7 -42067.3 8413.46 8413.46 4206.73 -21033.7 -42067.3 42067.3 21033.7 -4206.73 -8413.46 28044.9 -2804.49 28044.9 123397 -44871.8 -30849.4 -44871.8 -56089.7 
-8413.46 42067.3 21033.7 -4206.73 -42067.3 8413.46 4206.73 -21033.7 -8413.46 -4206.73 21033.7 42067.3 -42067.3 -21033.7 4206.73 8413.46 -56089.7 -44871.8 -30849.4 -44871.8 123397 28044.9 -2804.49 28044.9 
-42067.3 8413.46 4206.73 -21033.7 -8413.46 42067.3 21033.7 -4206.73 -4206.73 -8413.46 42067.3 21033.7 -21033.7 -42067.3 8413.46 4206.73 -44871.8 -56089.7 -44871.8 -30849.4 28044.9 123397 28044.9 -2804.49 
-21033.7 4206.73 8413.46 -42067.3 -4206.73 21033.7 42067.3 -8413.46 -21033.7 -42067.3 8413.46 4206.73 -4206.73 -8413.46 42067.3 21033.7 -30849.4 -44871.8 -56089.7 -44871.8 -2804.49 28044.9 123397 28044.9 
-4206.73 21033.7 42067.3 -8413.46 -21033.7 4206.73 8413.46 -42067.3 -42067.3 -21033.7 4206.73 8413.46 -8413.46 -4206.73 21033.7 42067.3 -44871.8 -30849.4 -44871.8 -56089.7 28044.9 -2804.49 28044.9 123397 

123397 -56089.7 -44871.8 28044.9 28044.9 -44871.8 -30849.4 -2804.49 42067.3 8413.46 -42067.3 -8413.46 21033.7 4206.73 -21033.7 -4206.73 42067.3 8413.46 4206.73 21033.7 -8413.46 -42067.3 -21033.7 -4206.73 
-56089.7 123397 28044.9 -44871.8 -44871.8 28044.9 -2804.49 -30849.4 -8413.46 -42067.3 8413.46 42067.3 -4206.73 -21033.7 4206.73 21033.7 -8413.46 -42067.3 -21033.7 -4206.73 42067.3 8413.46 4206.73 21033.7 
-44871.8 28044.9 123397 -56089.7 -30849.4 -2804.49 28044.9 -44871.8 -42067.3 -8413.46 42067.3 8413.46 -21033.7 -4206.73 21033.7 4206.73 -4206.73 -21033.7 -42067.3 -8413.46 21033.7 4206.73 8413.46 42067.3 
28044.9 -44871.8 -56089.7 123397 -2804.49 -30849.4 -44871.8 28044.9 8413.46 42067.3 -8413.46 -42067.3 4206.73 21033.7 -4206.73 -21033.7 21033.7 4206.73 8413.46 42067.3 -4206.73 -21033.7 -42067.3 -8413.46 
28044.9 -44871.8 -30849.4 -2804.49 123397 -56089.7 -44871.8 28044.9 21033.7 4206.73 -21033.7 -4206.73 42067.3 8413.46 -42067.3 -8413.46 8413.46 42067.3 21033.7 4206.73 -42067.3 -8413.46 -4206.73 -21033.7 
-44871.8 28044.9 -2804.49 -30849.4 -56089.7 123397 28044.9 -44871.8 -4206.73 -21033.7 4206.73 21033.7 -8413.46 -42067.3 8413.46 42067.3 -42067.3 -8413.46 -4206.73 -21033.7 8413.46 42067.3 21033.7 4206.73 
-30849.4 -2804.49 28044.9 -44871.8 -44871.8 28044.9 123397 -56089.7 -21033.7 -4206.73 21033.7 4206.73 -42067.3 -8413.46 42067.3 8413.46 -21033.7 -4206.73 -8413.46 -42067.3 4206.73 21033.7 42067.3 8413.46 
-2804.49 -30849.4 -44871.8 28044.9 28044.9 -44871.8 -56089.7 123397 4206.73 21033.7 -4206.73 -21033.7 8413.46 42067.3 -8413.46 -42067.3 4206.73 21033.7 42067.3 8413.46 -21033.7 -4206.73 -8413.46 -42067.3 
42067.3 -8413.46 -42067.3 8413.46 21033.7 -4206.73 -21033.7 4206.73 123397 28044.9 -44871.8 -56089.7 28044.9 -2804.49 -30849.4 -44871.8 42067.3 21033.7 4206.73 8413.46 -8413.46 -4206.73 -21033.7 -42067.3 
8413.46 -42067.3 -8413.46 42067.3 4206.73 -21033.7 -4206.73 21033.7 28044.9 123397 -56089.7 -44871.8 -2804.49 28044.9 -44871.8 -30849.4 21033.7 42067.3 8413.46 4206.73 -4206.73 -8413.46 -42067.3 -21033.7 
-42067.3 8413.46 42067.3 -8413.46 -21033.7 4206.73 21033.7 -4206.73 -44871.8 -56089.7 123397 28044.9 -30849.4 -44871.8 28044.9 -2804.49 -4206.73 -8413.46 -42067.3 -21033.7 21033.7 42067.3 8413.46 4206.73 
-8413.46 42067.3 8413.46 -42067.3 -4206.73 21033.7 4206.73 -21033.7 -56089.7 -44871.8 28044.9 123397 -44871.8 -30849.4 -2804.49 28044.9 -8413.46 -4206.73 -21033.7 -42067.3 42067.3 21033.7 4206.73 8413.46 
21033.7 -4206.73 -21033.7 4206.73 42067.3 -8413.46 -42067.3 8413.46 28044.9 -2804.49 -30849.4 -44871.8 123397 28044.9 -44871.8 -56089.7 8413.46 4206.73 21033.7 42067.3 -42067.3 -21033.7 -4206.73 -8413.46 
4206.73 -21033.7 -4206.73 21033.7 8413.46 -42067.3 -8413.46 42067.3 -2804.49 28044.9 -44871.8 -30849.4 28044.9 123397 -56089.7 -44871.8 4206.73 8413.46 42067.3 21033.7 -21033.7 -42067.3 -8413.46 -4206.73 
-21033.7 4206.73 21033.7 -4206.73 -42067.3 8413.46 42067.3 -8413.46 -30849.4 -44871.8 28044.9 -2804.49 -44871.8 -56089.7 123397 28044.9 -21033.7 -42067.3 -8413.46 -4206.73 4206.73 8413.46 42067.3 21033.7 
-4206.73 21033.7 4206.73 -21033.7 -8413.46 42067.3 8413.46 -42067.3 -44871.8 -30849.4 -2804.49 28044.9 -56089.7 -44871.8 28044.9 123397 -42067.3 -21033.7 -4206.73 -8413.46 8413.46 4206.73 21033.7 42067.3 
42067.3 -8413.46 -4206.73 21033.7 8413.46 -42067.3 -21033.7 4206.73 42067.3 21033.7 -4206.73 -8413.46 8413.46 4206.73 -21033.7 -42067.3 123397 28044.9 -2804.49 28044.9 -56089.7 -44871.8 -30849.4 -44871.8 
8413.46 -42067.3 -21033.7 4206.73 42067.3 -8413.46 -4206.73 21033.7 21033.7 42067.3 -8413.46 -4206.73 4206.73 8413.46 -42067.3 -21033.7 28044.9 123397 28044.9 -2804.49 -44871.8 -56089.7 -44871.8 -30849.4 
4206.73 -21033.7 -42067.3 8413.46 21033.7 -4206.73 -8413.46 42067.3 4206.73 8413.46 -42067.3 -21033.7 21033.7 42067.3 -8413.46 -4206.73 -2804.49 28044.9 123397 28044.9 -30849.4 -44871.8 -56089.7 -44871.8 
21033.7 -4206.73 -8413.46 42067.3 4206.73 -21033.7 -42067.3 8413.46 8413.46 4206.73 -21033.7 -42067.3 42067.3 21033.7 -4206.73 -8413.46 28044.9 -2804.49 28044.9 123397 -44871.8 -30849.4 -44871.8 -56089.7 
-8413.46 42067.3 21033.7 -4206.73 -42067.3 8413.46 4206.73 -21033.7 -8413.46 -4206.73 21033.7 42067.3 -42067.3 -21033.7 4206.73 8413.46 -56089.7 -44871.8 -30849.4 -44871.8 123397 28044.9 -2804.49 28044.9 
-42067.3 8413.46 4206.73 -21033.7 -8413.46 42067.3 21033.7 -4206.73 -4206.73 -8413.46 42067.3 21033.7 -21033.7 -42067.3 8413.46 4206.73 -44871.8 -56089.7 -44871.8 -30849.4 28044.9 123397 28044.9 -2804.49 
-21033.7 4206.73 8413.46 -42067.3 -4206.73 21033.7 42067.3 -8413.46 -21033.7 -42067.3 8413.46 4206.73 -4206.73 -8413.46 42067.3 21033.7 -30849.4 -44871.8 -56089.7 -44871.8 -2804.49 28044.9 123397 28044.9 
-4206.73 21033.7 42067.3 -8413.46 -21033.7 4206.73 8413.46 -42067.3 -42067.3 -21033.7 4206.73 8413.46 -8413.46 -4206.73 21033.7 42067.3 -44871.8 -30849.4 -44871.8 -56089.7 28044.9 -2804.49 28044.9 123397 

123397 -56089.7 -44871.8 28044.9 28044.9 -44871.8 -30849.4 -2804.49 42067.3 8413.46 -42067.3 -8413.46 21033.7 4206.73 -21033.7 -4206.73 42067.3 8413.46 4206.73 21033.7 -8413.46 -42067.3 -21033.7 -4206.73 
-56089.7 123397 28044.9 -44871.8 -44871.8 28044.9 -2804.49 -30849.4 -8413.46 -42067.3 8413.46 42067.3 -4206.73 -21033.7 4206.73 21033.7 -8413.46 -42067.3 -21033.7 -4206.73 42067.3 8413.46 4206.73 21033.7 
-44871.8 28044.9 123397 -56089.7 -30849.4 -2804.49 28044.9 -44871.8 -42067.3 -8413.46 42067.3 8413.46 -21033.7 -4206.73 21033.7 4206.73 -4206.73 -21033.7 -42067.3 -8413.46 21033.7 4206.73 8413.46 42067.3 
28044.9 -44871.8 -56089.7 123397 -2804.49 -30849.4 -44871.8 28044.9 8413.46 42067.3 -8413.46 -42067.3 4206.73 21033.7 -4206.73 -21033.7 21033.7 4206.73 8413.46 42067.3 -4206.73 -21033.7 -42067.3 -8413.46 
28044.9 -44871.8 -30849.4 -2804.49 123397 -56089.7 -44871.8 28044.9 21033.7 4206.73 -21033.7 -4206.73 42067.3 8413.46 -42067.3 -8413.46 8413.46 42067.3 21033.7 4206.73 -42067.3 -8413.46 -4206.73 -21033.7 
-44871.8 28044.9 -2804.49 -30849.4 -56089.7 123397 28044.9 -44871.8 -4206.73 -21033.7 4206.73 21033.7 -8413.46 -42067.3 8413.46 42067.3 -42067.3 -8413.46 -4206.73 -21033.7 8413.46 42067.3 21033.7 4206.73 
-30849.4 -2804.49 28044.9 -44871.8 -44871.8 28044.9 123397 -56089.7 -21033.7 -4206.73 21033.7 4206.73 -42067.3 -8413.46 42067.3 8413.46 -21033.7 -4206.73 -8413.46 -42067.3 4206.73 21033.7 42067.3 8413.46 
-2804.49 -30849.4 -44871.8 28044.9 28044.9 -44871.8 -56089.7 123397 4206.73 21033.7 -4206.73 -21033.7 8413.46 42067.3 -8413.46 -42067.3 4206.73 21033.7 42067.3 8413.46 -21033.7 -4206.73 -8413.46 -42067.3 
42067.3 -8413.46 -42067.3 8413.46 21033.7 -4206.73 -21033.7 4206.73 123397 28044.9 -44871.8 -56089.7 28044.9 -2804.49 -30849.4 -44871.8 42067.3 21033.7 4206.73 8413.46 -8413.46 -4206.73 -21033.7 -42067.3 
8413.46 -42067.3 -8413.46 42067.3 4206.73 -21033.7 -4206.73 21033.7 28044.9 123397 -56089.7 -44871.8 -2804.49 28044.9 -44871.8 -30849.4 21033.7 42067.3 8413.46 4206.73 -4206.73 -8413.46 -42067.3 -21033.7 
-42067.3 8413.46 42067.3 -8413.46 -21033.7 4206.73 21033.7 -4206.73 -44871.8 -56089.7 123397 28044.9 -30849.4 -44871.8 28044.9 -2804.49 -4206.73 -8413.46 -42067.3 -21033.7 21033.7 42067.3 8413.46 4206.73 
-8413.46 42067.3 8413.46 -42067.3 -4206.73 21033.7 4206.73 -21033.7 -56089.7 -44871.8 28044.9 123397 -44871.8 -30849.4 -2804.49 28044.9 -8413.46 -4206.73 -21033.7 -42067.3 42067.3 21033.7 4206.73 8413.46 
21033.7 -4206.73 -21033.7 4206.73 42067.3 -8413.46 -42067.3 8413.46 28044.9 -2804.49 -30849.4 -44871.8 123397 28044.9 -44871.8 -56089.7 8413.46 4206.73 21033.7 42067.3 -42067.3 -21033.7 -4206.73 -8413.46 
4206.73 -21033.7 -4206.73 21033.7 8413.46 -42067.3 -8413.46 42067.3 -2804.49 28044.9 -44871.8 -30849.4 28044.9 123397 -56089.7 -44871.8 4206.73 8413.46 42067.3 21033.7 -21033.7 -42067.3 -8413.46 -4206.73 
-21033.7 4206.73 21033.7 -4206.73 -42067.3 8413.46 42067.3 -8413.46 -30849.4 -44871.8 28044.9 -2804.49 -44871.8 -56089.7 123397 28044.9 -21033.7 -42067.3 -8413.46 -4206.73 4206.73 8413.46 42067.3 21033.7 
-4206.73 21033.7 4206.73 -21033.7 -8413.46 42067.3 8413.46 -42067.3 -44871.8 -30849.4 -2804.49 28044.9 -56089.7 -44871.8 28044.9 123397 -42067.3 -21033.7 -4206.73 -8413.46 8413.46 4206.73 21033.7 42067.3 
42067.3 -8413.46 -4206.73 21033.7 8413.46 -42067.3 -21033.7 4206.73 42067.3 21033.7 -4206.73 -8413.46 8413.46 4206.73 -21033.7 -42067.3 123397 28044.9 -2804.49 28044.9 -56089.7 -44871.8 -30849.4 -44871.8 
8413.46 -42067.3 -21033.7 4206.73 42067.3 -8413.46 -4206.73 21033.7 21033.7 42067.3 -8413.46 -4206.73 4206.73 8413.46 -42067.3 -21033.7 28044.9 123397 28044.9 -2804.49 -44871.8 -56089.7 -44871.8 -30849.4 
4206.73 -21033.7 -42067.3 8413.46 21033.7 -4206.73 -8413.46 42067.3 4206.73 8413.46 -42067.3 -21033.7 21033.7 42067.3 -8413.46 -4206.73 -2804.49 28044.9 123397 28044.9 -30849.4 -44871.8 -56089.7 -44871.8 
21033.7 -4206.73 -8413.46 42067.3 4206.73 -21033.7 -42067.3 8413.46 8413.46 4206.73 -21033.7 -42067.3 42067.3 21033.7 -4206.73 -8413.46 28044.9 -2804.49 28044.9 123397 -44871.8 -30849.4 -44871.8 -56089.7 
-8413.46 42067.3 21033.7 -4206.73 -42067.3 8413.46 4206.73 -21033.7 -8413.46 -4206.73 21033.7 42067.3 -42067.3 -21033.7 4206.73 8413.46 -56089.7 -44871.8 -30849.4 -44871.8 123397 28044.9 -2804.49 28044.9 
-42067.3 8413.46 4206.73 -21033.7 -8413.46 42067.3 21033.7 -4206.73 -4206.73 -8413.46 42067.3 21033.7 -21033.7 -42067.3 8413.46 4206.73 -44871.8 -56089.7 -44871.8 -30849.4 28044.9 123397 28044.9 -2804.49 
-21033.7 4206.73 8413.46 -42067.3 -4206.73 21033.7 42067.3 -8413.46 -21033.7 -42067.3 8413.46 4206.73 -4206.73 -8413.46 42067.3 21033.7 -30849.4 -44871.8 -56089.7 -44871.8 -2804.49 28044.9 123397 28044.9 
-4206.73 21033.7 42067.3 -8413.46 -21033.7 4206.73 8413.46 -42067.3 -42067.3 -21033.7 4206.73 8413.46 -8413.46 -4206.73 21033.7 42067.3 -44871.8 -30849.4 -44871.8 -56089.7 28044.9 -2804.49 28044.9 123397 

123397 -56089.7 -44871.8 28044.9 28044.9 -44871.8 -30849.4 -2804.49 42067.3 8413.46 -42067.3 -8413.46 21033.7 4206.73 -21033.7 -4206.73 42067.3 8413.46 4206.73 21033.7 -8413.46 -42067.3 -21033.7 -4206.73 
-56089.7 123397 28044.9 -44871.8 -44871.8 28044.9 -2804.49 -30849.4 -8413.46 -42067.3 8413.46 42067.3 -4206.73 -21033.7 4206.73 21033.7 -8413.46 -42067.3 -21033.7 -4206.73 42067.3 8413.46 4206.73 21033.7 
-44871.8 28044.9 123397 -56089.7 -30849.4 -2804.49 28044.9 -44871.8 -42067.3 -8413.46 42067.3 8413.46 -21033.7 -4206.73 21033.7 4206.73 -4206.73 -21033.7 -42067.3 -8413.46 21033.7 4206.73 8413.46 42067.3 
28044.9 -44871.8 -56089.7 123397 -2804.49 -30849.4 -44871.8 28044.9 8413.46 42067.3 -8413.46 -42067.3 4206.73 21033.7 -4206.73 -21033.7 21033.7 4206.73 8413.46 42067.3 -4206.73 -21033.7 -42067.3 -8413.46 
28044.9 -44871.8 -30849.4 -2804.49 123397 -56089.7 -44871.8 28044.9 21033.7 4206.73 -21033.7 -4206.73 42067.3 8413.46 -42067.3 -8413.46 8413.46 42067.3 21033.7 4206.73 -42067.3 -8413.46 -4206.73 -21033.7 
-44871.8 28044.9 -2804.49 -30849.4 -56089.7 123397 28044.9 -44871.8 -4206.73 -21033.7 4206.73 21033.7 -8413.46 -42067.3 8413.46 42067.3 -42067.3 -8413.46 -4206.73 -21033.7 8413.46 42067.3 21033.7 4206.73 
-30849.4 -2804.49 28044.9 -44871.8 -44871.8 28044.9 123397 -56089.7 -21033.7 -4206.73 21033.7 4206.73 -42067.3 -8413.46 42067.3 8413.46 -21033.7 -4206.73 -8413.46 -42067.3 4206.73 21033.7 42067.3 8413.46 
-2804.49 -30849.4 -44871.8 28044.9 28044.9 -44871.8 -56089.7 123397 4206.73 21033.7 -4206.73 -21033.7 8413.46 42067.3 -8413.46 -42067.3 4206.73 21033.7 42067.3 8413.46 -21033.7 -4206.73 -8413.46 -42067.3 
42067.3 -8413.46 -42067.3 8413.46 21033.7 -4206.73 -21033.7 4206.73 123397 28044.9 -44871.8 -56089.7 28044.9 -2804.49 -30849.4 -44871.8 42067.3 21033.7 4206.73 8413.46 -8413.46 -4206.73 -21033.7 -42067.3 
8413.46 -42067.3 -8413.46 42067.3 4206.73 -21033.7 -4206.73 21033.7 28044.9 123397 -56089.7 -44871.8 -2804.49 28044.9 -44871.8 -30849.4 21033.7 42067.3 8413.46 4206.73 -4206.73 -8413.46 -42067.3 -21033.7 
-42067.3 8413.46 42067.3 -8413.46 -21033.7 4206.73 21033.7 -4206.73 -44871.8 -56089.7 123397 28044.9 -30849.4 -44871.8 28044.9 -2804.49 -4206.73 -8413.46 -42067.3 -21033.7 21033.7 42067.3 8413.46 4206.73 
-8413.46 42067.3 8413.46 -42067.3 -4206.73 21033.7 4206.73 -21033.7 -56089.7 -44871.8 28044.9 123397 -44871.8 -30849.4 -2804.49 28044.9 -8413.46 -4206.73 -21033.7 -42067.3 42067.3 21033.7 4206.73 8413.46 
21033.7 -4206.73 -21033.7 4206.73 42067.3 -8413.46 -42067.3 8413.46 28044.9 -2804.49 -30849.4 -44871.8 123397 28044.9 -44871.8 -56089.7 8413.46 4206.73 21033.7 42067.3 -42067.3 -21033.7 -4206.73 -8413.46 
4206.73 -21033.7 -4206.73 21033.7 8413.46 -42067.3 -8413.46 42067.3 -2804.49 28044.9 -44871.8 -30849.4 28044.9 123397 -56089.7 -44871.8 4206.73 8413.46 42067.3 21033.7 -21033.7 -42067.3 -8413.46 -4206.73 
-21033.7 4206.73 21033.7 -4206.73 -42067.3 8413.46 42067.3 -8413.46 -30849.4 -44871.8 28044.9 -2804.49 -44871.8 -56089.7 123397 28044.9 -21033.7 -42067.3 -8413.46 -4206.73 4206.73 8413.46 42067.3 21033.7 
-4206.73 21033.7 4206.73 -21033.7 -8413.46 42067.3 8413.46 -42067.3 -44871.8 -30849.4 -2804.49 28044.9 -56089.7 -44871.8 28044.9 123397 -42067.3 -21033.7 -4206.73 -8413.46 8413.46 4206.73 21033.7 42067.3 
42067.3 -8413.46 -4206.73 21033.7 8413.46 -42067.3 -21033.7 4206.73 42067.3 21033.7 -4206.73 -8413.46 8413.46 4206.73 -21033.7 -42067.3 123397 28044.9 -2804.49 28044.9 -56089.7 -44871.8 -30849.4 -44871.8 
8413.46 -42067.3 -21033.7 4206.73 42067.3 -8413.46 -4206.73 21033.7 21033.7 42067.3 -8413.46 -4206.73 4206.73 8413.46 -42067.3 -21033.7 28044.9 123397 28044.9 -2804.49 -44871.8 -56089.7 -44871.8 -30849.4 
4206.73 -21033.7 -42067.3 8413.46 21033.7 -4206.73 -8413.46 42067.3 4206.73 8413.46 -42067.3 -21033.7 21033.7 42067.3 -8413.46 -4206.73 -2804.49 28044.9 123397 28044.9 -30849.4 -44871.8 -56089.7 -44871.8 
21033.7 -4206.73 -8413.46 42067.3 4206.73 -21033.7 -42067.3 8413.46 8413.46 4206.73 -21033.7 -42067.3 42067.3 21033.7 -4206.73 -8413.46 28044.9 -2804.49 28044.9 123397 -44871.8 -30849.4 -44871.8 -56089.7 
-8413.46 42067.3 21033.7 -4206.73 -42067.3 8413.46 4206.73 -21033.7 -8413.46 -4206.73 21033.7 42067.3 -42067.3 -21033.7 4206.73 8413.46 -56089.7 -44871.8 -30849.4 -44871.8 123397 28044.9 -2804.49 28044.9 
-42067.3 8413.46 4206.73 -21033.7 -8413.46 42067.3 21033.7 -4206.73 -4206.73 -8413.46 42067.3 21033.7 -21033.7 -42067.3 8413.46 4206.73 -44871.8 -56089.7 -44871.8 -30849.4 28044.9 123397 28044.9 -2804.49 
-21033.7 4206.73 8413.46 -42067.3 -4206.73 21033.7 42067.3 -8413.46 -21033.7 -42067.3 8413.46 4206.73 -4206.73 -8413.46 42067.3 21033.7 -30849.4 -44871.8 -56089.7 -44871.8 -2804.49 28044.9 123397 28044.9 
-4206.73 21033.7 42067.3 -8413.46 -21033.7 4206.73 8413.46 -42067.3 -42067.3 -21033.7 4206.73 8413.46 -8413.46 -4206.73 21033.7 42067.3 -44871.8 -30849.4 -44871.8 -56089.7 28044.9 -2804.49 28044.9 123397 

123397 -56089.7 -44871.8 28044.9 28044.9 -44871.8 -30849.4 -2804.49 42067.3 8413.46 -42067.3 -8413.46 21033.7 4206.73 -21033.7 -4206.73 42067.3 8413.46 4206.73 21033.7 -8413.46 -42067.3 -21033.7 -4206.73 
-56089.7 123397 28044.9 -44871.8 -44871.8 28044.9 -2804.49 -30849.4 -8413.46 -42067.3 8413.46 42067.3 -4206.73 -21033.7 4206.73 21033.7 -8413.46 -42067.3 -21033.7 -4206.73 42067.3 8413.46 4206.73 21033.7 
-44871.8 28044.9 123397 -56089.7 -30849.4 -2804.49 28044.9 -44871.8 -42067.3 -8413.46 42067.3 8413.46 -21033.7 -4206.73 21033.7 4206.73 -4206.73 -21033.7 -42067.3 -8413.46 21033.7 4206.73 8413.46 42067.3 
