370192 -168269 -134615 84134.6 84134.6 -134615 -92548.1 -8413.46 126202 25240.4 -126202 -25240.4 63101 12620.2 -63101 -12620.2 126202 25240.4 12620.2 63101 -25240.4 -126202 -63101 -12620.2 
-168269 370192 84134.6 -134615 -134615 84134.6 -8413.46 -92548.1 -25240.4 -126202 25240.4 126202 -12620.2 -63101 12620.2 63101 -25240.4 -126202 -63101 -12620.2 126202 25240.4 12620.2 63101 
-134615 84134.6 370192 -168269 -92548.1 -8413.46 84134.6 -134615 -126202 -25240.4 126202 25240.4 -63101 -12620.2 63101 12620.2 -12620.2 -63101 -126202 -25240.4 63101 12620.2 25240.4 126202 
84134.6 -134615 -168269 370192 -8413.46 -92548.1 -134615 84134.6 25240.4 126202 -25240.4 -126202 12620.2 63101 -12620.2 -63101 63101 12620.2 25240.4 126202 -12620.2 -63101 -126202 -25240.4 
84134.6 -134615 -92548.1 -8413.46 370192 -168269 -134615 84134.6 63101 12620.2 -63101 -12620.2 126202 25240.4 -126202 -25240.4 25240.4 126202 63101 12620.2 -126202 -25240.4 -12620.2 -63101 
-134615 84134.6 -8413.46 -92548.1 -168269 370192 84134.6 -134615 -12620.2 -63101 12620.2 63101 -25240.4 -126202 25240.4 126202 -126202 -25240.4 -12620.2 -63101 25240.4 126202 63101 12620.2 
-92548.1 -8413.46 84134.6 -134615 -134615 84134.6 370192 -168269 -63101 -12620.2 63101 12620.2 -126202 -25240.4 126202 25240.4 -63101 -12620.2 -25240.4 -126202 12620.2 63101 126202 25240.4 
-8413.46 -92548.1 -134615 84134.6 84134.6 -134615 -168269 370192 12620.2 63101 -12620.2 -63101 25240.4 126202 -25240.4 -126202 12620.2 63101 126202 25240.4 -63101 -12620.2 -25240.4 -126202 
126202 -25240.4 -126202 25240.4 63101 -12620.2 -63101 12620.2 370192 84134.6 -134615 -168269 84134.6 -8413.46 -92548.1 -134615 126202 63101 12620.2 25240.4 -25240.4 -12620.2 -63101 -126202 
25240.4 -126202 -25240.4 126202 12620.2 -63101 -12620.2 63101 84134.6 370192 -168269 -134615 -8413.46 84134.6 -134615 -92548.1 63101 126202 25240.4 12620.2 -12620.2 -25240.4 -126202 -63101 
-126202 25240.4 126202 -25240.4 -63101 12620.2 63101 -12620.2 -134615 -168269 370192 84134.6 -92548.1 -134615 84134.6 -8413.46 -12620.2 -25240.4 -126202 -63101 63101 126202 25240.4 12620.2 
-25240.4 126202 25240.4 -126202 -12620.2 63101 12620.2 -63101 -168269 -134615 84134.6 370192 -134615 -92548.1 -8413.46 84134.6 -25240.4 -12620.2 -63101 -126202 126202 63101 12620.2 25240.4 
63101 -12620.2 -63101 12620.2 126202 -25240.4 -126202 25240.4 84134.6 -8413.46 -92548.1 -134615 370192 84134.6 -134615 -168269 25240.4 12620.2 63101 126202 -126202 -63101 -12620.2 -25240.4 
12620.2 -63101 -12620.2 63101 25240.4 -126202 -25240.4 126202 -8413.46 84134.6 -134615 -92548.1 84134.6 370192 -168269 -134615 12620.2 25240.4 126202 63101 -63101 -126202 -25240.4 -12620.2 
-63101 12620.2 63101 -12620.2 -126202 25240.4 126202 -25240.4 -92548.1 -134615 84134.6 -8413.46 -134615 -168269 370192 84134.6 -63101 -126202 -25240.4 -12620.2 12620.2 25240.4 126202 63101 
-12620.2 63101 12620.2 -63101 -25240.4 126202 25240.4 -126202 -134615 -92548.1 -8413.46 84134.6 -168269 -134615 84134.6 370192 -126202 -63101 -12620.2 -25240.4 25240.4 12620.2 63101 126202 
126202 -25240.4 -12620.2 63101 25240.4 -126202 -63101 12620.2 126202 63101 -12620.2 -25240.4 25240.4 12620.2 -63101 -126202 370192 84134.6 -8413.46 84134.6 -168269 -134615 -92548.1 -134615 
25240.4 -126202 -63101 12620.2 126202 -25240.4 -12620.2 63101 63101 126202 -25240.4 -12620.2 12620.2 25240.4 -126202 -63101 84134.6 370192 84134.6 -8413.46 -134615 -168269 -134615 -92548.1 
12620.2 -63101 -126202 25240.4 63101 -12620.2 -25240.4 126202 12620.2 25240.4 -126202 -63101 63101 126202 -25240.4 -12620.2 -8413.46 84134.6 370192 84134.6 -92548.1 -134615 -168269 -134615 
63101 -12620.2 -25240.4 126202 12620.2 -63101 -126202 25240.4 25240.4 12620.2 -63101 -126202 126202 63101 -12620.2 -25240.4 84134.6 -8413.46 84134.6 370192 -134615 -92548.1 -134615 -168269 
-25240.4 126202 63101 -12620.2 -126202 25240.4 12620.2 -63101 -25240.4 -12620.2 63101 126202 -126202 -63101 12620.2 25240.4 -168269 -134615 -92548.1 -134615 370192 84134.6 -8413.46 84134.6 
-126202 25240.4 12620.2 -63101 -25240.4 126202 63101 -12620.2 -12620.2 -25240.4 126202 63101 -63101 -126202 25240.4 12620.2 -134615 -168269 -134615 -92548.1 84134.6 370192 84134.6 -8413.46 
-63101 12620.2 25240.4 -126202 -12620.2 63101 126202 -25240.4 -63101 -126202 25240.4 12620.2 -12620.2 -25240.4 126202 63101 -92548.1 -134615 -168269 -134615 -8413.46 84134.6 370192 84134.6 
-12620.2 63101 126202 -25240.4 -63101 12620.2 25240.4 -126202 -126202 -63101 12620.2 25240.4 -25240.4 -12620.2 63101 126202 -134615 -92548.1 -134615 -168269 84134.6 -8413.46 84134.6 370192 

